

-------------------------------
   Model related information
-------------------------------

--> Number of states: 4


--> Number of model parameters: 8

--> Vector of parameters (nominal values):

	par0=[   0.01642     0.29156     1.71763     5.14394     0.23000     6.63777     0.00575     0.02170  ]


-->Number of observables:
	Experiment 1: 1

-->Observables:
		Experiment 1:
			Fluorescence = Cit_fluo


----------------------------------------
	  >>>> EXPERIMENTAL DESIGN:

----------------------------------------
	   

>>>> Best objective function: Dopt = -8.345209e+23 


-------------------------------------------
  Experimental scheme related information
-------------------------------------------


-->Number of experiments: 1


-->Initial conditions for each experiment:
		Experiment 1: 
			exp_y0=[7.139e-02  1.726e+01  6.513e+01  0.000e+00  ]

-->Final process time for each experiment: 
		Experiment 1: 	 1000.000000


-->Sampling times for each experiment: 
		Experiment 1: 	 		Experiment 110: 	 		Experiment 95: 	 		Experiment 115: 	 		Experiment 58: 	 		Experiment 32: 	 		Experiment 37: 	 		Experiment 105: 	 		Experiment 32: 	 		Experiment 92: 	 		Experiment 116: 	 		Experiment 201: 	 0.000e+00  5.000e+00  1.000e+01  1.500e+01  2.000e+01  2.500e+01  3.000e+01  3.500e+01  4.000e+01  4.500e+01  5.000e+01  5.500e+01  6.000e+01  6.500e+01  7.000e+01  7.500e+01  8.000e+01  8.500e+01  9.000e+01  9.500e+01  1.000e+02  1.050e+02  1.100e+02  1.150e+02  1.200e+02  1.250e+02  1.300e+02  1.350e+02  1.400e+02  1.450e+02  1.500e+02  1.550e+02  1.600e+02  1.650e+02  1.700e+02  1.750e+02  1.800e+02  1.850e+02  1.900e+02  1.950e+02  2.000e+02  2.050e+02  2.100e+02  2.150e+02  2.200e+02  2.250e+02  2.300e+02  2.350e+02  2.400e+02  2.450e+02  2.500e+02  2.550e+02  2.600e+02  2.650e+02  2.700e+02  2.750e+02  2.800e+02  2.850e+02  2.900e+02  2.950e+02  3.000e+02  3.050e+02  3.100e+02  3.150e+02  3.200e+02  3.250e+02  3.300e+02  3.350e+02  3.400e+02  3.450e+02  3.500e+02  3.550e+02  3.600e+02  3.650e+02  3.700e+02  3.750e+02  3.800e+02  3.850e+02  3.900e+02  3.950e+02  4.000e+02  4.050e+02  4.100e+02  4.150e+02  4.200e+02  4.250e+02  4.300e+02  4.350e+02  4.400e+02  4.450e+02  4.500e+02  4.550e+02  4.600e+02  4.650e+02  4.700e+02  4.750e+02  4.800e+02  4.850e+02  4.900e+02  4.950e+02  5.000e+02  5.050e+02  5.100e+02  5.150e+02  5.200e+02  5.250e+02  5.300e+02  5.350e+02  5.400e+02  5.450e+02  5.500e+02  5.550e+02  5.600e+02  5.650e+02  5.700e+02  5.750e+02  5.800e+02  5.850e+02  5.900e+02  5.950e+02  6.000e+02  6.050e+02  6.100e+02  6.150e+02  6.200e+02  6.250e+02  6.300e+02  6.350e+02  6.400e+02  6.450e+02  6.500e+02  6.550e+02  6.600e+02  6.650e+02  6.700e+02  6.750e+02  6.800e+02  6.850e+02  6.900e+02  6.950e+02  7.000e+02  7.050e+02  7.100e+02  7.150e+02  7.200e+02  7.250e+02  7.300e+02  7.350e+02  7.400e+02  7.450e+02  7.500e+02  7.550e+02  7.600e+02  7.650e+02  7.700e+02  7.750e+02  7.800e+02  7.850e+02  7.900e+02  7.950e+02  8.000e+02  8.050e+02  8.100e+02  8.150e+02  8.200e+02  8.250e+02  8.300e+02  8.350e+02  8.400e+02  8.450e+02  8.500e+02  8.550e+02  8.600e+02  8.650e+02  8.700e+02  8.750e+02  8.800e+02  8.850e+02  8.900e+02  8.950e+02  9.000e+02  9.050e+02  9.100e+02  9.150e+02  9.200e+02  9.250e+02  9.300e+02  9.350e+02  9.400e+02  9.450e+02  9.500e+02  9.550e+02  9.600e+02  9.650e+02  9.700e+02  9.750e+02  9.800e+02  9.850e+02  9.900e+02  9.950e+02  1.000e+03  

-->Number of manipulable (control, stimulus, input) variables: 1


>>> OED corresponding Cramer Rao expected uncertainty for the unknowns:


>>> Global parameters: 

	alpha1 : 1.6419e-02  +-  3.8661e-01; 
	Vm1    : 2.9156e-01  +-  6.6714e+00; 
	h1     : 1.7176e+00  +-  2.7664e-01; 
	Km1    : 5.1439e+00  +-  4.4142e-01; 
	d1     : 2.3000e-01  +-  8.9991e-01; 
	alpha2 : 6.6378e+00  +-  1.6865e+02; 
	d2     : 5.7514e-03  +-  1.1632e-03; 
	Kf     : 2.1700e-02  +-  2.1574e-02; 


>>> Correlation matrix for the global unknowns:

	 1.000000e+00	 9.997428e-01	 -1.199610e-01	 2.345731e-02	 -5.399013e-01	 -9.898964e-01	 -2.078622e-02	 4.203176e-01
	 9.997428e-01	 1.000000e+00	 -1.265225e-01	 3.122014e-02	 -5.367861e-01	 -9.896834e-01	 -3.023202e-02	 4.220663e-01
	 -1.199610e-01	 -1.265225e-01	 1.000000e+00	 -1.690653e-01	 3.998591e-01	 1.840008e-01	 5.703991e-01	 -5.315929e-01
	 2.345731e-02	 3.122014e-02	 -1.690653e-01	 1.000000e+00	 -3.605068e-01	 -9.214135e-02	 -6.856024e-01	 4.949379e-01
	 -5.399013e-01	 -5.367861e-01	 3.998591e-01	 -3.605068e-01	 1.000000e+00	 6.520125e-01	 6.169827e-01	 -9.455476e-01
	 -9.898964e-01	 -9.896834e-01	 1.840008e-01	 -9.214135e-02	 6.520125e-01	 1.000000e+00	 1.360407e-01	 -5.415459e-01
	 -2.078622e-02	 -3.023202e-02	 5.703991e-01	 -6.856024e-01	 6.169827e-01	 1.360407e-01	 1.000000e+00	 -8.214094e-01
	 4.203176e-01	 4.220663e-01	 -5.315929e-01	 4.949379e-01	 -9.455476e-01	 -5.415459e-01	 -8.214094e-01	 1.000000e+00
	   

>>>> Constraints violation (c<=0): Equality constraints, Inequality constraints, Control constraints
	 c(1)=0.00e+00;
