

-------------------------------
   Model related information
-------------------------------

--> Number of states: 3


--> Number of model parameters: 9

--> Vector of parameters (nominal values):

	par0=[   0.00176     0.08009     2.22549     3.35948     0.01006     1.00000     1.00000     1.00000     1.00000  ]


-->Number of observables:
	Experiment 1: 3

-->Observables:
		Experiment 1:
			mRNA=gal1_mrna            
			FoldedProtein=gal1_foldedP
			Fluorescence=gal1_fluo    


----------------------------------------
	  >>>> EXPERIMENTAL DESIGN:

----------------------------------------
	   

>>>> Best objective function: Dopt = -9.758136e+39 


-------------------------------------------
  Experimental scheme related information
-------------------------------------------


-->Number of experiments: 1


-->Initial conditions for each experiment:
		Experiment 1: 
			exp_y0=[1.570e+00  7.848e-01  7.848e-01  ]

-->Final process time for each experiment: 
		Experiment 1: 	 1200.000000


-->Sampling times for each experiment: 
		Experiment 1: 	 		Experiment 110: 	 		Experiment 95: 	 		Experiment 115: 	 		Experiment 58: 	 		Experiment 32: 	 		Experiment 37: 	 		Experiment 105: 	 		Experiment 32: 	 		Experiment 92: 	 		Experiment 116: 	 		Experiment 241: 	 0.000e+00  5.000e+00  1.000e+01  1.500e+01  2.000e+01  2.500e+01  3.000e+01  3.500e+01  4.000e+01  4.500e+01  5.000e+01  5.500e+01  6.000e+01  6.500e+01  7.000e+01  7.500e+01  8.000e+01  8.500e+01  9.000e+01  9.500e+01  1.000e+02  1.050e+02  1.100e+02  1.150e+02  1.200e+02  1.250e+02  1.300e+02  1.350e+02  1.400e+02  1.450e+02  1.500e+02  1.550e+02  1.600e+02  1.650e+02  1.700e+02  1.750e+02  1.800e+02  1.850e+02  1.900e+02  1.950e+02  2.000e+02  2.050e+02  2.100e+02  2.150e+02  2.200e+02  2.250e+02  2.300e+02  2.350e+02  2.400e+02  2.450e+02  2.500e+02  2.550e+02  2.600e+02  2.650e+02  2.700e+02  2.750e+02  2.800e+02  2.850e+02  2.900e+02  2.950e+02  3.000e+02  3.050e+02  3.100e+02  3.150e+02  3.200e+02  3.250e+02  3.300e+02  3.350e+02  3.400e+02  3.450e+02  3.500e+02  3.550e+02  3.600e+02  3.650e+02  3.700e+02  3.750e+02  3.800e+02  3.850e+02  3.900e+02  3.950e+02  4.000e+02  4.050e+02  4.100e+02  4.150e+02  4.200e+02  4.250e+02  4.300e+02  4.350e+02  4.400e+02  4.450e+02  4.500e+02  4.550e+02  4.600e+02  4.650e+02  4.700e+02  4.750e+02  4.800e+02  4.850e+02  4.900e+02  4.950e+02  5.000e+02  5.050e+02  5.100e+02  5.150e+02  5.200e+02  5.250e+02  5.300e+02  5.350e+02  5.400e+02  5.450e+02  5.500e+02  5.550e+02  5.600e+02  5.650e+02  5.700e+02  5.750e+02  5.800e+02  5.850e+02  5.900e+02  5.950e+02  6.000e+02  6.050e+02  6.100e+02  6.150e+02  6.200e+02  6.250e+02  6.300e+02  6.350e+02  6.400e+02  6.450e+02  6.500e+02  6.550e+02  6.600e+02  6.650e+02  6.700e+02  6.750e+02  6.800e+02  6.850e+02  6.900e+02  6.950e+02  7.000e+02  7.050e+02  7.100e+02  7.150e+02  7.200e+02  7.250e+02  7.300e+02  7.350e+02  7.400e+02  7.450e+02  7.500e+02  7.550e+02  7.600e+02  7.650e+02  7.700e+02  7.750e+02  7.800e+02  7.850e+02  7.900e+02  7.950e+02  8.000e+02  8.050e+02  8.100e+02  8.150e+02  8.200e+02  8.250e+02  8.300e+02  8.350e+02  8.400e+02  8.450e+02  8.500e+02  8.550e+02  8.600e+02  8.650e+02  8.700e+02  8.750e+02  8.800e+02  8.850e+02  8.900e+02  8.950e+02  9.000e+02  9.050e+02  9.100e+02  9.150e+02  9.200e+02  9.250e+02  9.300e+02  9.350e+02  9.400e+02  9.450e+02  9.500e+02  9.550e+02  9.600e+02  9.650e+02  9.700e+02  9.750e+02  9.800e+02  9.850e+02  9.900e+02  9.950e+02  1.000e+03  1.005e+03  1.010e+03  1.015e+03  1.020e+03  1.025e+03  1.030e+03  1.035e+03  1.040e+03  1.045e+03  1.050e+03  1.055e+03  1.060e+03  1.065e+03  1.070e+03  1.075e+03  1.080e+03  1.085e+03  1.090e+03  1.095e+03  1.100e+03  1.105e+03  1.110e+03  1.115e+03  1.120e+03  1.125e+03  1.130e+03  1.135e+03  1.140e+03  1.145e+03  1.150e+03  1.155e+03  1.160e+03  1.165e+03  1.170e+03  1.175e+03  1.180e+03  1.185e+03  1.190e+03  1.195e+03  1.200e+03  

-->Number of manipulable (control, stimulus, input) variables: 1


-->Input values/temporal elements for Experiment 1:
		step interpolation is being used.
			Control values:
			Input 1:	  0.0000	  0.0979	  0.0000	  1.7962	  2.0000	  1.9841	  1.9477	  2.0000	  0.1410	  0.0000	  1.8355	  1.4406	  1.7983	  1.4910	  0.7584	  0.4855	  0.5122	  2.0000	  0.4319	  0.1310	
			Control switching times: 	  0.0000	 37.4090	 92.9460	210.0000	232.3645	270.0000	333.1824	390.0000	470.8434	523.1826	634.3245	714.3827	769.2896	770.9407	810.0000	870.0067	1011.3594	1017.7630	1140.0000	1151.0660	1200.0000


>>> OED corresponding Cramer Rao expected uncertainty for the unknowns:


>>> Global parameters: 

	alpha1 : 2.0000e-03  +-  7.4414e-04; 
	Vm1    : 1.0000e-01  +-  9.3687e-02; 
	h1     : 2.0000e+00  +-  4.4841e-01; 
	Km1    : 3.1000e+00  +-  2.3178e+00; 
	d1     : 2.0000e-02  +-  1.4419e-03; 
	alpha2 : 1.0000e-01  +-  5.4395e-02; 
	d2     : 1.0000e-01  +-  1.2811e-01; 
	Kf     : 1.0000e-01  +-  3.3137e-02; 
	Kb     : 1.0000e-01  +-  3.2965e-02; 


>>> Correlation matrix for the global unknowns:

	 1.000000e+00	 -1.680169e-01	 3.216173e-01	 -2.103931e-01	 7.283888e-01	 -4.277960e-01	 -3.549704e-01	 -1.475822e-02	 -1.458305e-02
	 -1.680169e-01	 1.000000e+00	 -9.370540e-01	 9.972469e-01	 5.272800e-02	 -2.200518e-02	 -1.664093e-02	 -9.253766e-03	 -9.385108e-03
	 3.216173e-01	 -9.370540e-01	 1.000000e+00	 -9.537950e-01	 2.817985e-02	 -3.593707e-02	 -2.958900e-02	 2.935595e-03	 3.010773e-03
	 -2.103931e-01	 9.972469e-01	 -9.537950e-01	 1.000000e+00	 3.634197e-04	 1.270041e-02	 1.091531e-02	 -4.816869e-03	 -4.916701e-03
	 7.283888e-01	 5.272800e-02	 2.817985e-02	 3.634197e-04	 1.000000e+00	 -5.829693e-01	 -4.787976e-01	 -6.217158e-02	 -6.237456e-02
	 -4.277960e-01	 -2.200518e-02	 -3.593707e-02	 1.270041e-02	 -5.829693e-01	 1.000000e+00	 9.737839e-01	 -5.063228e-01	 -5.059303e-01
	 -3.549704e-01	 -1.664093e-02	 -2.958900e-02	 1.091531e-02	 -4.787976e-01	 9.737839e-01	 1.000000e+00	 -6.851272e-01	 -6.858869e-01
	 -1.475822e-02	 -9.253766e-03	 2.935595e-03	 -4.816869e-03	 -6.217158e-02	 -5.063228e-01	 -6.851272e-01	 1.000000e+00	 9.957299e-01
	 -1.458305e-02	 -9.385108e-03	 3.010773e-03	 -4.916701e-03	 -6.237456e-02	 -5.059303e-01	 -6.858869e-01	 9.957299e-01	 1.000000e+00
