

-------------------------------
   Model related information
-------------------------------

--> Number of states: 4


--> Number of model parameters: 8

--> Vector of parameters (nominal values):

	par0=[   0.01642     0.29156     1.71763     5.14394     0.23000     6.63777     0.00575     0.02170  ]


-->Number of observables:
	Experiment 1: 1
	Experiment 2: 1

-->Observables:
		Experiment 1:
			Fluorescence = Cit_fluo
		Experiment 2:
			Fluorescence = Cit_fluo


----------------------------------------
	  >>>> EXPERIMENTAL DESIGN:

----------------------------------------
	   

>>>> Best objective function: Dopt = -1.889953e+31 


-------------------------------------------
  Experimental scheme related information
-------------------------------------------


-->Number of experiments: 2


-->Initial conditions for each experiment:
		Experiment 1: 
			exp_y0=[7.139e-02  1.726e+01  6.513e+01  0.000e+00  ]
		Experiment 2: 
			exp_y0=[4.961e-01  1.229e+02  5.022e+02  0.000e+00  ]

-->Final process time for each experiment: 
		Experiment 1: 	 2000.000000

-->Final process time for each experiment: 
		Experiment 2: 	 1000.000000


-->Sampling times for each experiment: 
		Experiment 1: 	 		Experiment 110: 	 		Experiment 95: 	 		Experiment 115: 	 		Experiment 58: 	 		Experiment 32: 	 		Experiment 37: 	 		Experiment 105: 	 		Experiment 32: 	 		Experiment 92: 	 		Experiment 116: 	 		Experiment 401: 	 0.000e+00  5.000e+00  1.000e+01  1.500e+01  2.000e+01  2.500e+01  3.000e+01  3.500e+01  4.000e+01  4.500e+01  5.000e+01  5.500e+01  6.000e+01  6.500e+01  7.000e+01  7.500e+01  8.000e+01  8.500e+01  9.000e+01  9.500e+01  1.000e+02  1.050e+02  1.100e+02  1.150e+02  1.200e+02  1.250e+02  1.300e+02  1.350e+02  1.400e+02  1.450e+02  1.500e+02  1.550e+02  1.600e+02  1.650e+02  1.700e+02  1.750e+02  1.800e+02  1.850e+02  1.900e+02  1.950e+02  2.000e+02  2.050e+02  2.100e+02  2.150e+02  2.200e+02  2.250e+02  2.300e+02  2.350e+02  2.400e+02  2.450e+02  2.500e+02  2.550e+02  2.600e+02  2.650e+02  2.700e+02  2.750e+02  2.800e+02  2.850e+02  2.900e+02  2.950e+02  3.000e+02  3.050e+02  3.100e+02  3.150e+02  3.200e+02  3.250e+02  3.300e+02  3.350e+02  3.400e+02  3.450e+02  3.500e+02  3.550e+02  3.600e+02  3.650e+02  3.700e+02  3.750e+02  3.800e+02  3.850e+02  3.900e+02  3.950e+02  4.000e+02  4.050e+02  4.100e+02  4.150e+02  4.200e+02  4.250e+02  4.300e+02  4.350e+02  4.400e+02  4.450e+02  4.500e+02  4.550e+02  4.600e+02  4.650e+02  4.700e+02  4.750e+02  4.800e+02  4.850e+02  4.900e+02  4.950e+02  5.000e+02  5.050e+02  5.100e+02  5.150e+02  5.200e+02  5.250e+02  5.300e+02  5.350e+02  5.400e+02  5.450e+02  5.500e+02  5.550e+02  5.600e+02  5.650e+02  5.700e+02  5.750e+02  5.800e+02  5.850e+02  5.900e+02  5.950e+02  6.000e+02  6.050e+02  6.100e+02  6.150e+02  6.200e+02  6.250e+02  6.300e+02  6.350e+02  6.400e+02  6.450e+02  6.500e+02  6.550e+02  6.600e+02  6.650e+02  6.700e+02  6.750e+02  6.800e+02  6.850e+02  6.900e+02  6.950e+02  7.000e+02  7.050e+02  7.100e+02  7.150e+02  7.200e+02  7.250e+02  7.300e+02  7.350e+02  7.400e+02  7.450e+02  7.500e+02  7.550e+02  7.600e+02  7.650e+02  7.700e+02  7.750e+02  7.800e+02  7.850e+02  7.900e+02  7.950e+02  8.000e+02  8.050e+02  8.100e+02  8.150e+02  8.200e+02  8.250e+02  8.300e+02  8.350e+02  8.400e+02  8.450e+02  8.500e+02  8.550e+02  8.600e+02  8.650e+02  8.700e+02  8.750e+02  8.800e+02  8.850e+02  8.900e+02  8.950e+02  9.000e+02  9.050e+02  9.100e+02  9.150e+02  9.200e+02  9.250e+02  9.300e+02  9.350e+02  9.400e+02  9.450e+02  9.500e+02  9.550e+02  9.600e+02  9.650e+02  9.700e+02  9.750e+02  9.800e+02  9.850e+02  9.900e+02  9.950e+02  1.000e+03  1.005e+03  1.010e+03  1.015e+03  1.020e+03  1.025e+03  1.030e+03  1.035e+03  1.040e+03  1.045e+03  1.050e+03  1.055e+03  1.060e+03  1.065e+03  1.070e+03  1.075e+03  1.080e+03  1.085e+03  1.090e+03  1.095e+03  1.100e+03  1.105e+03  1.110e+03  1.115e+03  1.120e+03  1.125e+03  1.130e+03  1.135e+03  1.140e+03  1.145e+03  1.150e+03  1.155e+03  1.160e+03  1.165e+03  1.170e+03  1.175e+03  1.180e+03  1.185e+03  1.190e+03  1.195e+03  1.200e+03  1.205e+03  1.210e+03  1.215e+03  1.220e+03  1.225e+03  1.230e+03  1.235e+03  1.240e+03  1.245e+03  1.250e+03  1.255e+03  1.260e+03  1.265e+03  1.270e+03  1.275e+03  1.280e+03  1.285e+03  1.290e+03  1.295e+03  1.300e+03  1.305e+03  1.310e+03  1.315e+03  1.320e+03  1.325e+03  1.330e+03  1.335e+03  1.340e+03  1.345e+03  1.350e+03  1.355e+03  1.360e+03  1.365e+03  1.370e+03  1.375e+03  1.380e+03  1.385e+03  1.390e+03  1.395e+03  1.400e+03  1.405e+03  1.410e+03  1.415e+03  1.420e+03  1.425e+03  1.430e+03  1.435e+03  1.440e+03  1.445e+03  1.450e+03  1.455e+03  1.460e+03  1.465e+03  1.470e+03  1.475e+03  1.480e+03  1.485e+03  1.490e+03  1.495e+03  1.500e+03  1.505e+03  1.510e+03  1.515e+03  1.520e+03  1.525e+03  1.530e+03  1.535e+03  1.540e+03  1.545e+03  1.550e+03  1.555e+03  1.560e+03  1.565e+03  1.570e+03  1.575e+03  1.580e+03  1.585e+03  1.590e+03  1.595e+03  1.600e+03  1.605e+03  1.610e+03  1.615e+03  1.620e+03  1.625e+03  1.630e+03  1.635e+03  1.640e+03  1.645e+03  1.650e+03  1.655e+03  1.660e+03  1.665e+03  1.670e+03  1.675e+03  1.680e+03  1.685e+03  1.690e+03  1.695e+03  1.700e+03  1.705e+03  1.710e+03  1.715e+03  1.720e+03  1.725e+03  1.730e+03  1.735e+03  1.740e+03  1.745e+03  1.750e+03  1.755e+03  1.760e+03  1.765e+03  1.770e+03  1.775e+03  1.780e+03  1.785e+03  1.790e+03  1.795e+03  1.800e+03  1.805e+03  1.810e+03  1.815e+03  1.820e+03  1.825e+03  1.830e+03  1.835e+03  1.840e+03  1.845e+03  1.850e+03  1.855e+03  1.860e+03  1.865e+03  1.870e+03  1.875e+03  1.880e+03  1.885e+03  1.890e+03  1.895e+03  1.900e+03  1.905e+03  1.910e+03  1.915e+03  1.920e+03  1.925e+03  1.930e+03  1.935e+03  1.940e+03  1.945e+03  1.950e+03  1.955e+03  1.960e+03  1.965e+03  1.970e+03  1.975e+03  1.980e+03  1.985e+03  1.990e+03  1.995e+03  2.000e+03  

-->Sampling times for each experiment: 
		Experiment 2: 	 		Experiment 110: 	 		Experiment 95: 	 		Experiment 115: 	 		Experiment 58: 	 		Experiment 32: 	 		Experiment 37: 	 		Experiment 105: 	 		Experiment 32: 	 		Experiment 92: 	 		Experiment 116: 	 		Experiment 201: 	 0.000e+00  5.000e+00  1.000e+01  1.500e+01  2.000e+01  2.500e+01  3.000e+01  3.500e+01  4.000e+01  4.500e+01  5.000e+01  5.500e+01  6.000e+01  6.500e+01  7.000e+01  7.500e+01  8.000e+01  8.500e+01  9.000e+01  9.500e+01  1.000e+02  1.050e+02  1.100e+02  1.150e+02  1.200e+02  1.250e+02  1.300e+02  1.350e+02  1.400e+02  1.450e+02  1.500e+02  1.550e+02  1.600e+02  1.650e+02  1.700e+02  1.750e+02  1.800e+02  1.850e+02  1.900e+02  1.950e+02  2.000e+02  2.050e+02  2.100e+02  2.150e+02  2.200e+02  2.250e+02  2.300e+02  2.350e+02  2.400e+02  2.450e+02  2.500e+02  2.550e+02  2.600e+02  2.650e+02  2.700e+02  2.750e+02  2.800e+02  2.850e+02  2.900e+02  2.950e+02  3.000e+02  3.050e+02  3.100e+02  3.150e+02  3.200e+02  3.250e+02  3.300e+02  3.350e+02  3.400e+02  3.450e+02  3.500e+02  3.550e+02  3.600e+02  3.650e+02  3.700e+02  3.750e+02  3.800e+02  3.850e+02  3.900e+02  3.950e+02  4.000e+02  4.050e+02  4.100e+02  4.150e+02  4.200e+02  4.250e+02  4.300e+02  4.350e+02  4.400e+02  4.450e+02  4.500e+02  4.550e+02  4.600e+02  4.650e+02  4.700e+02  4.750e+02  4.800e+02  4.850e+02  4.900e+02  4.950e+02  5.000e+02  5.050e+02  5.100e+02  5.150e+02  5.200e+02  5.250e+02  5.300e+02  5.350e+02  5.400e+02  5.450e+02  5.500e+02  5.550e+02  5.600e+02  5.650e+02  5.700e+02  5.750e+02  5.800e+02  5.850e+02  5.900e+02  5.950e+02  6.000e+02  6.050e+02  6.100e+02  6.150e+02  6.200e+02  6.250e+02  6.300e+02  6.350e+02  6.400e+02  6.450e+02  6.500e+02  6.550e+02  6.600e+02  6.650e+02  6.700e+02  6.750e+02  6.800e+02  6.850e+02  6.900e+02  6.950e+02  7.000e+02  7.050e+02  7.100e+02  7.150e+02  7.200e+02  7.250e+02  7.300e+02  7.350e+02  7.400e+02  7.450e+02  7.500e+02  7.550e+02  7.600e+02  7.650e+02  7.700e+02  7.750e+02  7.800e+02  7.850e+02  7.900e+02  7.950e+02  8.000e+02  8.050e+02  8.100e+02  8.150e+02  8.200e+02  8.250e+02  8.300e+02  8.350e+02  8.400e+02  8.450e+02  8.500e+02  8.550e+02  8.600e+02  8.650e+02  8.700e+02  8.750e+02  8.800e+02  8.850e+02  8.900e+02  8.950e+02  9.000e+02  9.050e+02  9.100e+02  9.150e+02  9.200e+02  9.250e+02  9.300e+02  9.350e+02  9.400e+02  9.450e+02  9.500e+02  9.550e+02  9.600e+02  9.650e+02  9.700e+02  9.750e+02  9.800e+02  9.850e+02  9.900e+02  9.950e+02  1.000e+03  

-->Number of manipulable (control, stimulus, input) variables: 1


-->Input values/temporal elements for Experiment 1:
		step interpolation is being used.
			Control values:
			Input 1:	  0.0094	938.3342	  0.0059	 10.6521	  2.8148	  1.9405	  1.1868	  0.0042	  6.8577	  3.4094	
			Control switching times: 	  0.0000	200.0000	400.0000	600.0000	800.0000	1000.0000	1200.0000	1400.0000	1600.0000	1800.0000	2000.0000


>>> OED corresponding Cramer Rao expected uncertainty for the unknowns:


>>> Global parameters: 

	alpha1 : 1.6419e-02  +-  5.0803e-02; 
	Vm1    : 2.9156e-01  +-  9.1120e-01; 
	h1     : 1.7176e+00  +-  7.7709e-02; 
	Km1    : 5.1439e+00  +-  1.5544e-01; 
	d1     : 2.3000e-01  +-  3.6315e-01; 
	alpha2 : 6.6378e+00  +-  2.9831e+01; 
	d2     : 5.7514e-03  +-  3.9766e-04; 
	Kf     : 2.1700e-02  +-  8.1040e-03; 


>>> Correlation matrix for the global unknowns:

	 1.000000e+00	 9.991360e-01	 3.330738e-01	 2.127478e-01	 -6.935060e-01	 -9.665420e-01	 -8.570421e-01	 8.472246e-01
	 9.991360e-01	 1.000000e+00	 3.344655e-01	 2.077522e-01	 -6.853918e-01	 -9.643919e-01	 -8.721788e-01	 8.476062e-01
	 3.330738e-01	 3.344655e-01	 1.000000e+00	 -2.031105e-01	 -1.204574e-01	 -2.852306e-01	 -4.056384e-01	 1.961278e-01
	 2.127478e-01	 2.077522e-01	 -2.031105e-01	 1.000000e+00	 -1.744741e-01	 -2.086422e-01	 -1.477558e-01	 1.624338e-01
	 -6.935060e-01	 -6.853918e-01	 -1.204574e-01	 -1.744741e-01	 1.000000e+00	 8.534294e-01	 5.449842e-01	 -9.171564e-01
	 -9.665420e-01	 -9.643919e-01	 -2.852306e-01	 -2.086422e-01	 8.534294e-01	 1.000000e+00	 8.260300e-01	 -9.416486e-01
	 -8.570421e-01	 -8.721788e-01	 -4.056384e-01	 -1.477558e-01	 5.449842e-01	 8.260300e-01	 1.000000e+00	 -7.847491e-01
	 8.472246e-01	 8.476062e-01	 1.961278e-01	 1.624338e-01	 -9.171564e-01	 -9.416486e-01	 -7.847491e-01	 1.000000e+00
	   

>>>> Constraints violation (c<=0): Equality constraints, Inequality constraints, Control constraints
	 c(1)=0.00e+00;
