   ***********************************
   *    AMIGO2, Copyright @CSIC      *
   *    AMIGO2_R2016a [April 2016]    *
   *********************************** 

Date: 05-Dec-2016
Problem folder:	 Results/Gal1-noDelay
Results folder in problem folder:	 Results/Gal1-noDelay/OED_gal1noD_eSS_oed-8 


---------------------------------------------------
Local sensitivity problem related active settings
---------------------------------------------------
senssolver: cvodes
ivp_RelTol: 1e-07
ivp_AbsTol: 1e-07
sensmex: cvodesg_gal1noD
MaxStepSize: Inf
MaxNumberOfSteps: 1e+06


-------------------------------
Optimisation related active settings
-------------------------------


------> Global Optimizer: Enhanced SCATTER SEARCH for parameter estimation

		>Summary of selected eSS options: 
ess_options.
	dim_refset:	'auto'
	inter_save:	0
	iterprint:	1
	local:	(1x1 struct)
	log_var:	[]
	maxeval:	10000
	maxtime:	60
	ndiverse:	'auto'

		  default options are used. 


		>Bounds on the unknowns:

		v_guess(1)=22.500000;  v_min(1)=7.500000; v_max(1)=30.000000;
		v_guess(2)=52.500000;  v_min(2)=37.500000; v_max(2)=60.000000;
		v_guess(3)=82.500000;  v_min(3)=67.500000; v_max(3)=90.000000;
		v_guess(4)=112.500000;  v_min(4)=97.500000; v_max(4)=120.000000;
		v_guess(5)=142.500000;  v_min(5)=127.500000; v_max(5)=150.000000;
		v_guess(6)=172.500000;  v_min(6)=157.500000; v_max(6)=180.000000;
		v_guess(7)=202.500000;  v_min(7)=187.500000; v_max(7)=210.000000;
		v_guess(8)=232.500000;  v_min(8)=217.500000; v_max(8)=240.000000;
		v_guess(9)=262.500000;  v_min(9)=247.500000; v_max(9)=270.000000;
		v_guess(10)=292.500000;  v_min(10)=277.500000; v_max(10)=300.000000;
		v_guess(11)=322.500000;  v_min(11)=307.500000; v_max(11)=330.000000;
		v_guess(12)=352.500000;  v_min(12)=337.500000; v_max(12)=360.000000;
		v_guess(13)=382.500000;  v_min(13)=367.500000; v_max(13)=390.000000;
		v_guess(14)=412.500000;  v_min(14)=397.500000; v_max(14)=420.000000;
		v_guess(15)=442.500000;  v_min(15)=427.500000; v_max(15)=450.000000;
		v_guess(16)=472.500000;  v_min(16)=457.500000; v_max(16)=480.000000;
		v_guess(17)=502.500000;  v_min(17)=487.500000; v_max(17)=510.000000;
		v_guess(18)=532.500000;  v_min(18)=517.500000; v_max(18)=540.000000;
		v_guess(19)=562.500000;  v_min(19)=547.500000; v_max(19)=570.000000;
		v_guess(20)=592.500000;  v_min(20)=577.500000; v_max(20)=600.000000;
		v_guess(21)=622.500000;  v_min(21)=607.500000; v_max(21)=630.000000;
		v_guess(22)=652.500000;  v_min(22)=637.500000; v_max(22)=660.000000;
		v_guess(23)=682.500000;  v_min(23)=667.500000; v_max(23)=690.000000;
		v_guess(24)=712.500000;  v_min(24)=697.500000; v_max(24)=720.000000;
		v_guess(25)=742.500000;  v_min(25)=727.500000; v_max(25)=750.000000;
		v_guess(26)=772.500000;  v_min(26)=757.500000; v_max(26)=780.000000;
		v_guess(27)=802.500000;  v_min(27)=787.500000; v_max(27)=810.000000;
		v_guess(28)=832.500000;  v_min(28)=817.500000; v_max(28)=840.000000;
		v_guess(29)=862.500000;  v_min(29)=847.500000; v_max(29)=870.000000;
		v_guess(30)=892.500000;  v_min(30)=877.500000; v_max(30)=900.000000;
		v_guess(31)=922.500000;  v_min(31)=907.500000; v_max(31)=930.000000;
		v_guess(32)=952.500000;  v_min(32)=937.500000; v_max(32)=960.000000;
		v_guess(33)=982.500000;  v_min(33)=967.500000; v_max(33)=990.000000;
		v_guess(34)=1012.500000;  v_min(34)=997.500000; v_max(34)=1020.000000;
		v_guess(35)=1042.500000;  v_min(35)=1027.500000; v_max(35)=1050.000000;
		v_guess(36)=1072.500000;  v_min(36)=1057.500000; v_max(36)=1080.000000;
		v_guess(37)=1102.500000;  v_min(37)=1087.500000; v_max(37)=1110.000000;
		v_guess(38)=1132.500000;  v_min(38)=1117.500000; v_max(38)=1140.000000;
		v_guess(39)=1162.500000;  v_min(39)=1147.500000; v_max(39)=1170.000000;

