

-------------------------------
   Model related information
-------------------------------

--> Number of states: 3


--> Number of model parameters: 9

--> Vector of parameters (nominal values):

	par0=[   0.00176     0.08009     2.22549     3.35948     0.01006     1.00000     1.00000     1.00000     1.00000  ]


-->Number of observables:
	Experiment 1: 3
	Experiment 2: 3

-->Observables:
		Experiment 1:
			mRNA=gal1_mrna            
			FoldedProtein=gal1_foldedP
			Fluorescence=gal1_fluo    
		Experiment 2:
			mRNA=gal1_mrna            
			FoldedProtein=gal1_foldedP
			Fluorescence=gal1_fluo    


----------------------------------------
	  >>>> EXPERIMENTAL DESIGN:

----------------------------------------
	   

>>>> Best objective function: Dopt = -1.178110e-23 


-------------------------------------------
  Experimental scheme related information
-------------------------------------------


-->Number of experiments: 2


-->Initial conditions for each experiment:
		Experiment 1: 
			exp_y0=[1.173e+00  5.860e-01  5.853e-01  ]
		Experiment 2: 
			exp_y0=[1.173e+00  5.860e-01  5.853e-01  ]

-->Final process time for each experiment: 
		Experiment 1: 	 1200.000000

-->Final process time for each experiment: 
		Experiment 2: 	 1200.000000


-->Sampling times for each experiment: 
		Experiment 1: 	 		Experiment 110: 	 		Experiment 95: 	 		Experiment 115: 	 		Experiment 58: 	 		Experiment 32: 	 		Experiment 37: 	 		Experiment 105: 	 		Experiment 32: 	 		Experiment 92: 	 		Experiment 116: 	 		Experiment 241: 	 0.000e+00  5.000e+00  1.000e+01  1.500e+01  2.000e+01  2.500e+01  3.000e+01  3.500e+01  4.000e+01  4.500e+01  5.000e+01  5.500e+01  6.000e+01  6.500e+01  7.000e+01  7.500e+01  8.000e+01  8.500e+01  9.000e+01  9.500e+01  1.000e+02  1.050e+02  1.100e+02  1.150e+02  1.200e+02  1.250e+02  1.300e+02  1.350e+02  1.400e+02  1.450e+02  1.500e+02  1.550e+02  1.600e+02  1.650e+02  1.700e+02  1.750e+02  1.800e+02  1.850e+02  1.900e+02  1.950e+02  2.000e+02  2.050e+02  2.100e+02  2.150e+02  2.200e+02  2.250e+02  2.300e+02  2.350e+02  2.400e+02  2.450e+02  2.500e+02  2.550e+02  2.600e+02  2.650e+02  2.700e+02  2.750e+02  2.800e+02  2.850e+02  2.900e+02  2.950e+02  3.000e+02  3.050e+02  3.100e+02  3.150e+02  3.200e+02  3.250e+02  3.300e+02  3.350e+02  3.400e+02  3.450e+02  3.500e+02  3.550e+02  3.600e+02  3.650e+02  3.700e+02  3.750e+02  3.800e+02  3.850e+02  3.900e+02  3.950e+02  4.000e+02  4.050e+02  4.100e+02  4.150e+02  4.200e+02  4.250e+02  4.300e+02  4.350e+02  4.400e+02  4.450e+02  4.500e+02  4.550e+02  4.600e+02  4.650e+02  4.700e+02  4.750e+02  4.800e+02  4.850e+02  4.900e+02  4.950e+02  5.000e+02  5.050e+02  5.100e+02  5.150e+02  5.200e+02  5.250e+02  5.300e+02  5.350e+02  5.400e+02  5.450e+02  5.500e+02  5.550e+02  5.600e+02  5.650e+02  5.700e+02  5.750e+02  5.800e+02  5.850e+02  5.900e+02  5.950e+02  6.000e+02  6.050e+02  6.100e+02  6.150e+02  6.200e+02  6.250e+02  6.300e+02  6.350e+02  6.400e+02  6.450e+02  6.500e+02  6.550e+02  6.600e+02  6.650e+02  6.700e+02  6.750e+02  6.800e+02  6.850e+02  6.900e+02  6.950e+02  7.000e+02  7.050e+02  7.100e+02  7.150e+02  7.200e+02  7.250e+02  7.300e+02  7.350e+02  7.400e+02  7.450e+02  7.500e+02  7.550e+02  7.600e+02  7.650e+02  7.700e+02  7.750e+02  7.800e+02  7.850e+02  7.900e+02  7.950e+02  8.000e+02  8.050e+02  8.100e+02  8.150e+02  8.200e+02  8.250e+02  8.300e+02  8.350e+02  8.400e+02  8.450e+02  8.500e+02  8.550e+02  8.600e+02  8.650e+02  8.700e+02  8.750e+02  8.800e+02  8.850e+02  8.900e+02  8.950e+02  9.000e+02  9.050e+02  9.100e+02  9.150e+02  9.200e+02  9.250e+02  9.300e+02  9.350e+02  9.400e+02  9.450e+02  9.500e+02  9.550e+02  9.600e+02  9.650e+02  9.700e+02  9.750e+02  9.800e+02  9.850e+02  9.900e+02  9.950e+02  1.000e+03  1.005e+03  1.010e+03  1.015e+03  1.020e+03  1.025e+03  1.030e+03  1.035e+03  1.040e+03  1.045e+03  1.050e+03  1.055e+03  1.060e+03  1.065e+03  1.070e+03  1.075e+03  1.080e+03  1.085e+03  1.090e+03  1.095e+03  1.100e+03  1.105e+03  1.110e+03  1.115e+03  1.120e+03  1.125e+03  1.130e+03  1.135e+03  1.140e+03  1.145e+03  1.150e+03  1.155e+03  1.160e+03  1.165e+03  1.170e+03  1.175e+03  1.180e+03  1.185e+03  1.190e+03  1.195e+03  1.200e+03  

-->Sampling times for each experiment: 
		Experiment 2: 	 		Experiment 110: 	 		Experiment 95: 	 		Experiment 115: 	 		Experiment 58: 	 		Experiment 32: 	 		Experiment 37: 	 		Experiment 105: 	 		Experiment 32: 	 		Experiment 92: 	 		Experiment 116: 	 		Experiment 241: 	 0.000e+00  5.000e+00  1.000e+01  1.500e+01  2.000e+01  2.500e+01  3.000e+01  3.500e+01  4.000e+01  4.500e+01  5.000e+01  5.500e+01  6.000e+01  6.500e+01  7.000e+01  7.500e+01  8.000e+01  8.500e+01  9.000e+01  9.500e+01  1.000e+02  1.050e+02  1.100e+02  1.150e+02  1.200e+02  1.250e+02  1.300e+02  1.350e+02  1.400e+02  1.450e+02  1.500e+02  1.550e+02  1.600e+02  1.650e+02  1.700e+02  1.750e+02  1.800e+02  1.850e+02  1.900e+02  1.950e+02  2.000e+02  2.050e+02  2.100e+02  2.150e+02  2.200e+02  2.250e+02  2.300e+02  2.350e+02  2.400e+02  2.450e+02  2.500e+02  2.550e+02  2.600e+02  2.650e+02  2.700e+02  2.750e+02  2.800e+02  2.850e+02  2.900e+02  2.950e+02  3.000e+02  3.050e+02  3.100e+02  3.150e+02  3.200e+02  3.250e+02  3.300e+02  3.350e+02  3.400e+02  3.450e+02  3.500e+02  3.550e+02  3.600e+02  3.650e+02  3.700e+02  3.750e+02  3.800e+02  3.850e+02  3.900e+02  3.950e+02  4.000e+02  4.050e+02  4.100e+02  4.150e+02  4.200e+02  4.250e+02  4.300e+02  4.350e+02  4.400e+02  4.450e+02  4.500e+02  4.550e+02  4.600e+02  4.650e+02  4.700e+02  4.750e+02  4.800e+02  4.850e+02  4.900e+02  4.950e+02  5.000e+02  5.050e+02  5.100e+02  5.150e+02  5.200e+02  5.250e+02  5.300e+02  5.350e+02  5.400e+02  5.450e+02  5.500e+02  5.550e+02  5.600e+02  5.650e+02  5.700e+02  5.750e+02  5.800e+02  5.850e+02  5.900e+02  5.950e+02  6.000e+02  6.050e+02  6.100e+02  6.150e+02  6.200e+02  6.250e+02  6.300e+02  6.350e+02  6.400e+02  6.450e+02  6.500e+02  6.550e+02  6.600e+02  6.650e+02  6.700e+02  6.750e+02  6.800e+02  6.850e+02  6.900e+02  6.950e+02  7.000e+02  7.050e+02  7.100e+02  7.150e+02  7.200e+02  7.250e+02  7.300e+02  7.350e+02  7.400e+02  7.450e+02  7.500e+02  7.550e+02  7.600e+02  7.650e+02  7.700e+02  7.750e+02  7.800e+02  7.850e+02  7.900e+02  7.950e+02  8.000e+02  8.050e+02  8.100e+02  8.150e+02  8.200e+02  8.250e+02  8.300e+02  8.350e+02  8.400e+02  8.450e+02  8.500e+02  8.550e+02  8.600e+02  8.650e+02  8.700e+02  8.750e+02  8.800e+02  8.850e+02  8.900e+02  8.950e+02  9.000e+02  9.050e+02  9.100e+02  9.150e+02  9.200e+02  9.250e+02  9.300e+02  9.350e+02  9.400e+02  9.450e+02  9.500e+02  9.550e+02  9.600e+02  9.650e+02  9.700e+02  9.750e+02  9.800e+02  9.850e+02  9.900e+02  9.950e+02  1.000e+03  1.005e+03  1.010e+03  1.015e+03  1.020e+03  1.025e+03  1.030e+03  1.035e+03  1.040e+03  1.045e+03  1.050e+03  1.055e+03  1.060e+03  1.065e+03  1.070e+03  1.075e+03  1.080e+03  1.085e+03  1.090e+03  1.095e+03  1.100e+03  1.105e+03  1.110e+03  1.115e+03  1.120e+03  1.125e+03  1.130e+03  1.135e+03  1.140e+03  1.145e+03  1.150e+03  1.155e+03  1.160e+03  1.165e+03  1.170e+03  1.175e+03  1.180e+03  1.185e+03  1.190e+03  1.195e+03  1.200e+03  

-->Number of manipulable (control, stimulus, input) variables: 1


-->Input values/temporal elements for Experiment 1:
		pulse-down interpolation is being used.
			Control values:
 			Input 1:	  2.0000	  0.0000	  2.0000	  0.0000	  2.0000	  0.0000	  2.0000	  0.0000	  2.0000	  0.0000	  2.0000	  0.0000	  2.0000	  0.0000	  2.0000	  0.0000	  2.0000	  0.0000	  2.0000	  0.0000	  2.0000	  0.0000	  2.0000	  0.0000	  2.0000	  0.0000	  2.0000	  0.0000	  2.0000	  0.0000	  2.0000	  0.0000	  2.0000	  0.0000	  2.0000	  0.0000	  2.0000	  0.0000	  2.0000	  0.0000	
			Control switching times: 	  0.0000	 26.2932	 43.8869	 82.9269	110.7861	146.5754	174.4466	209.1088	217.5000	270.0000	278.6198	325.3322	344.6536	368.2889	398.8423	447.3970	480.0000	499.1166	531.7094	553.6997	597.7619	625.9561	647.7147	690.0000	718.3228	733.2786	780.0000	791.8220	840.0000	860.4064	900.0000	930.0000	938.4177	968.0290	1009.9953	1036.9289	1067.5014	1088.5173	1131.4805	1169.9088	1200.0000


-->Input values/temporal elements for Experiment 2:
		pulse-down interpolation is being used.
			Control values:
 			Input 1:	  2.0000	  0.0000	  2.0000	  0.0000	  2.0000	  0.0000	  2.0000	  0.0000	  2.0000	  0.0000	  2.0000	  0.0000	  2.0000	  0.0000	  2.0000	  0.0000	  2.0000	  0.0000	  2.0000	  0.0000	  2.0000	  0.0000	  2.0000	  0.0000	  2.0000	  0.0000	  2.0000	  0.0000	  2.0000	  0.0000	  2.0000	  0.0000	  2.0000	  0.0000	  2.0000	  0.0000	  2.0000	  0.0000	  2.0000	  0.0000	
			Control switching times: 	  0.0000	 24.4750	 42.7337	 71.4134	100.9847	149.7935	177.3569	191.6067	236.8832	259.5980	285.2865	329.1707	342.3744	389.0075	414.7762	428.5501	463.7589	509.4428	538.1689	563.4965	587.3477	615.6037	658.8155	680.0641	715.2862	727.6592	775.9366	799.7900	831.7760	869.7572	897.7357	924.8618	958.7409	978.2725	1017.5523	1044.7073	1068.2970	1098.9073	1135.8001	1151.6590	1200.0000


>>> OED corresponding Cramer Rao expected uncertainty for the unknowns:


>>> Global parameters: 

	alpha1 : 9.9999e+00  +-  1.9387e+01; 
	Vm1    : 6.2977e+00  +-  0.0000e+00; 
	h1     : 2.3301e+00  +-  0.0000e+00; 
	Km1    : 3.2378e+00  +-  0.0000e+00; 
	d1     : 9.8470e+00  +-  1.9080e+01; 
	alpha2 : 9.9349e+00  +-  4.9384e+01; 
	d2     : 9.8925e+00  +-  1.1620e+02; 
	Kf     : 9.9883e+00  +-  3.0315e+01; 
	Kb     : 9.9997e+00  +-  3.0339e+01; 


>>> Correlation matrix for the global unknowns:

	 1.000000e+00	 6.860162e-06	 -1.386786e-05	 2.104260e-05	 9.999840e-01	 -6.977884e-01	 -5.927349e-01	 -2.174230e-03	 -2.163828e-03
	 6.860162e-06	 -1.000000e+00	 -6.052068e-01	 -6.217787e-01	 3.977674e-06	 1.010261e-04	 1.254313e-04	 -1.534061e-04	 -1.462285e-04
	 -1.386786e-05	 -6.052068e-01	 -1.000000e+00	 2.318212e-01	 -1.664222e-05	 -2.027724e-05	 -8.171437e-06	 -3.542277e-05	 -3.136304e-05
	 2.104260e-05	 -6.217787e-01	 2.318212e-01	 -1.000000e+00	 2.028816e-05	 1.459172e-04	 1.636321e-04	 -1.532985e-04	 -1.485489e-04
	 9.999840e-01	 3.977674e-06	 -1.664222e-05	 2.028816e-05	 1.000000e+00	 -6.978286e-01	 -5.927776e-01	 -2.171936e-03	 -2.161463e-03
	 -6.977884e-01	 1.010261e-04	 -2.027724e-05	 1.459172e-04	 -6.978286e-01	 1.000000e+00	 9.731626e-01	 -4.711185e-01	 -4.711137e-01
	 -5.927349e-01	 1.254313e-04	 -8.171437e-06	 1.636321e-04	 -5.927776e-01	 9.731626e-01	 1.000000e+00	 -6.614458e-01	 -6.614442e-01
	 -2.174230e-03	 -1.534061e-04	 -3.542277e-05	 -1.532985e-04	 -2.171936e-03	 -4.711185e-01	 -6.614458e-01	 1.000000e+00	 9.999904e-01
	 -2.163828e-03	 -1.462285e-04	 -3.136304e-05	 -1.485489e-04	 -2.161463e-03	 -4.711137e-01	 -6.614442e-01	 9.999904e-01	 1.000000e+00
