

-------------------------------
   Model related information
-------------------------------

--> Number of states: 3


--> Number of model parameters: 9

--> Vector of parameters (nominal values):

	par0=[   0.00176     0.08009     2.22549     3.35948     0.01006     1.00000     1.00000     1.00000     1.00000  ]


-->Number of observables:
	Experiment 1: 3
	Experiment 2: 3

-->Observables:
		Experiment 1:
			mRNA=gal1_mrna            
			FoldedProtein=gal1_foldedP
			Fluorescence=gal1_fluo    
		Experiment 2:
			mRNA=gal1_mrna            
			FoldedProtein=gal1_foldedP
			Fluorescence=gal1_fluo    


----------------------------------------
	  >>>> EXPERIMENTAL DESIGN:

----------------------------------------
	   

>>>> Best objective function: Dopt = -4.971107e+32 


-------------------------------------------
  Experimental scheme related information
-------------------------------------------


-->Number of experiments: 2


-->Initial conditions for each experiment:
		Experiment 1: 
			exp_y0=[2.126e+00  1.088e+00  1.088e+00  ]
		Experiment 2: 
			exp_y0=[2.126e+00  1.088e+00  1.088e+00  ]

-->Final process time for each experiment: 
		Experiment 1: 	 1200.000000

-->Final process time for each experiment: 
		Experiment 2: 	 1200.000000


-->Sampling times for each experiment: 
		Experiment 1: 	 		Experiment 110: 	 		Experiment 95: 	 		Experiment 115: 	 		Experiment 58: 	 		Experiment 32: 	 		Experiment 37: 	 		Experiment 105: 	 		Experiment 32: 	 		Experiment 92: 	 		Experiment 116: 	 		Experiment 241: 	 0.000e+00  5.000e+00  1.000e+01  1.500e+01  2.000e+01  2.500e+01  3.000e+01  3.500e+01  4.000e+01  4.500e+01  5.000e+01  5.500e+01  6.000e+01  6.500e+01  7.000e+01  7.500e+01  8.000e+01  8.500e+01  9.000e+01  9.500e+01  1.000e+02  1.050e+02  1.100e+02  1.150e+02  1.200e+02  1.250e+02  1.300e+02  1.350e+02  1.400e+02  1.450e+02  1.500e+02  1.550e+02  1.600e+02  1.650e+02  1.700e+02  1.750e+02  1.800e+02  1.850e+02  1.900e+02  1.950e+02  2.000e+02  2.050e+02  2.100e+02  2.150e+02  2.200e+02  2.250e+02  2.300e+02  2.350e+02  2.400e+02  2.450e+02  2.500e+02  2.550e+02  2.600e+02  2.650e+02  2.700e+02  2.750e+02  2.800e+02  2.850e+02  2.900e+02  2.950e+02  3.000e+02  3.050e+02  3.100e+02  3.150e+02  3.200e+02  3.250e+02  3.300e+02  3.350e+02  3.400e+02  3.450e+02  3.500e+02  3.550e+02  3.600e+02  3.650e+02  3.700e+02  3.750e+02  3.800e+02  3.850e+02  3.900e+02  3.950e+02  4.000e+02  4.050e+02  4.100e+02  4.150e+02  4.200e+02  4.250e+02  4.300e+02  4.350e+02  4.400e+02  4.450e+02  4.500e+02  4.550e+02  4.600e+02  4.650e+02  4.700e+02  4.750e+02  4.800e+02  4.850e+02  4.900e+02  4.950e+02  5.000e+02  5.050e+02  5.100e+02  5.150e+02  5.200e+02  5.250e+02  5.300e+02  5.350e+02  5.400e+02  5.450e+02  5.500e+02  5.550e+02  5.600e+02  5.650e+02  5.700e+02  5.750e+02  5.800e+02  5.850e+02  5.900e+02  5.950e+02  6.000e+02  6.050e+02  6.100e+02  6.150e+02  6.200e+02  6.250e+02  6.300e+02  6.350e+02  6.400e+02  6.450e+02  6.500e+02  6.550e+02  6.600e+02  6.650e+02  6.700e+02  6.750e+02  6.800e+02  6.850e+02  6.900e+02  6.950e+02  7.000e+02  7.050e+02  7.100e+02  7.150e+02  7.200e+02  7.250e+02  7.300e+02  7.350e+02  7.400e+02  7.450e+02  7.500e+02  7.550e+02  7.600e+02  7.650e+02  7.700e+02  7.750e+02  7.800e+02  7.850e+02  7.900e+02  7.950e+02  8.000e+02  8.050e+02  8.100e+02  8.150e+02  8.200e+02  8.250e+02  8.300e+02  8.350e+02  8.400e+02  8.450e+02  8.500e+02  8.550e+02  8.600e+02  8.650e+02  8.700e+02  8.750e+02  8.800e+02  8.850e+02  8.900e+02  8.950e+02  9.000e+02  9.050e+02  9.100e+02  9.150e+02  9.200e+02  9.250e+02  9.300e+02  9.350e+02  9.400e+02  9.450e+02  9.500e+02  9.550e+02  9.600e+02  9.650e+02  9.700e+02  9.750e+02  9.800e+02  9.850e+02  9.900e+02  9.950e+02  1.000e+03  1.005e+03  1.010e+03  1.015e+03  1.020e+03  1.025e+03  1.030e+03  1.035e+03  1.040e+03  1.045e+03  1.050e+03  1.055e+03  1.060e+03  1.065e+03  1.070e+03  1.075e+03  1.080e+03  1.085e+03  1.090e+03  1.095e+03  1.100e+03  1.105e+03  1.110e+03  1.115e+03  1.120e+03  1.125e+03  1.130e+03  1.135e+03  1.140e+03  1.145e+03  1.150e+03  1.155e+03  1.160e+03  1.165e+03  1.170e+03  1.175e+03  1.180e+03  1.185e+03  1.190e+03  1.195e+03  1.200e+03  

-->Sampling times for each experiment: 
		Experiment 2: 	 		Experiment 110: 	 		Experiment 95: 	 		Experiment 115: 	 		Experiment 58: 	 		Experiment 32: 	 		Experiment 37: 	 		Experiment 105: 	 		Experiment 32: 	 		Experiment 92: 	 		Experiment 116: 	 		Experiment 241: 	 0.000e+00  5.000e+00  1.000e+01  1.500e+01  2.000e+01  2.500e+01  3.000e+01  3.500e+01  4.000e+01  4.500e+01  5.000e+01  5.500e+01  6.000e+01  6.500e+01  7.000e+01  7.500e+01  8.000e+01  8.500e+01  9.000e+01  9.500e+01  1.000e+02  1.050e+02  1.100e+02  1.150e+02  1.200e+02  1.250e+02  1.300e+02  1.350e+02  1.400e+02  1.450e+02  1.500e+02  1.550e+02  1.600e+02  1.650e+02  1.700e+02  1.750e+02  1.800e+02  1.850e+02  1.900e+02  1.950e+02  2.000e+02  2.050e+02  2.100e+02  2.150e+02  2.200e+02  2.250e+02  2.300e+02  2.350e+02  2.400e+02  2.450e+02  2.500e+02  2.550e+02  2.600e+02  2.650e+02  2.700e+02  2.750e+02  2.800e+02  2.850e+02  2.900e+02  2.950e+02  3.000e+02  3.050e+02  3.100e+02  3.150e+02  3.200e+02  3.250e+02  3.300e+02  3.350e+02  3.400e+02  3.450e+02  3.500e+02  3.550e+02  3.600e+02  3.650e+02  3.700e+02  3.750e+02  3.800e+02  3.850e+02  3.900e+02  3.950e+02  4.000e+02  4.050e+02  4.100e+02  4.150e+02  4.200e+02  4.250e+02  4.300e+02  4.350e+02  4.400e+02  4.450e+02  4.500e+02  4.550e+02  4.600e+02  4.650e+02  4.700e+02  4.750e+02  4.800e+02  4.850e+02  4.900e+02  4.950e+02  5.000e+02  5.050e+02  5.100e+02  5.150e+02  5.200e+02  5.250e+02  5.300e+02  5.350e+02  5.400e+02  5.450e+02  5.500e+02  5.550e+02  5.600e+02  5.650e+02  5.700e+02  5.750e+02  5.800e+02  5.850e+02  5.900e+02  5.950e+02  6.000e+02  6.050e+02  6.100e+02  6.150e+02  6.200e+02  6.250e+02  6.300e+02  6.350e+02  6.400e+02  6.450e+02  6.500e+02  6.550e+02  6.600e+02  6.650e+02  6.700e+02  6.750e+02  6.800e+02  6.850e+02  6.900e+02  6.950e+02  7.000e+02  7.050e+02  7.100e+02  7.150e+02  7.200e+02  7.250e+02  7.300e+02  7.350e+02  7.400e+02  7.450e+02  7.500e+02  7.550e+02  7.600e+02  7.650e+02  7.700e+02  7.750e+02  7.800e+02  7.850e+02  7.900e+02  7.950e+02  8.000e+02  8.050e+02  8.100e+02  8.150e+02  8.200e+02  8.250e+02  8.300e+02  8.350e+02  8.400e+02  8.450e+02  8.500e+02  8.550e+02  8.600e+02  8.650e+02  8.700e+02  8.750e+02  8.800e+02  8.850e+02  8.900e+02  8.950e+02  9.000e+02  9.050e+02  9.100e+02  9.150e+02  9.200e+02  9.250e+02  9.300e+02  9.350e+02  9.400e+02  9.450e+02  9.500e+02  9.550e+02  9.600e+02  9.650e+02  9.700e+02  9.750e+02  9.800e+02  9.850e+02  9.900e+02  9.950e+02  1.000e+03  1.005e+03  1.010e+03  1.015e+03  1.020e+03  1.025e+03  1.030e+03  1.035e+03  1.040e+03  1.045e+03  1.050e+03  1.055e+03  1.060e+03  1.065e+03  1.070e+03  1.075e+03  1.080e+03  1.085e+03  1.090e+03  1.095e+03  1.100e+03  1.105e+03  1.110e+03  1.115e+03  1.120e+03  1.125e+03  1.130e+03  1.135e+03  1.140e+03  1.145e+03  1.150e+03  1.155e+03  1.160e+03  1.165e+03  1.170e+03  1.175e+03  1.180e+03  1.185e+03  1.190e+03  1.195e+03  1.200e+03  

-->Number of manipulable (control, stimulus, input) variables: 1


-->Input values/temporal elements for Experiment 1:
		step interpolation is being used.
			Control values:
			Input 1:	  2.0000	  1.8948	  0.0000	  0.0596	  1.9913	  0.1314	  2.0000	  2.0000	  2.0000	  0.0000	  0.7606	  2.0000	  0.1283	  1.9922	  2.0000	  1.4533	  0.0760	  1.9473	  1.4166	  2.0000	
			Control switching times: 	  0.0000	 76.9406	 90.0000	150.0000	210.0000	338.0596	365.9007	390.0000	450.0000	570.0000	600.0000	718.6605	738.0089	840.0000	874.5962	948.5150	1020.0000	1050.0000	1076.9929	1164.4771	1200.0000


-->Input values/temporal elements for Experiment 2:
		step interpolation is being used.
			Control values:
			Input 1:	  0.9290	  0.9828	  1.2521	  0.7820	  1.0042	  1.5569	  0.8607	  2.0000	  1.1626	  1.1707	  2.0000	  2.0000	  1.8388	  1.8857	  1.8356	  1.7669	  1.3948	  1.5856	  1.6726	  1.8117	
			Control switching times: 	  0.0000	 33.1138	117.4553	201.0612	229.5980	341.1483	342.6367	441.9495	456.3926	531.3656	600.0429	661.7615	764.5087	810.0000	840.0000	949.4460	959.1455	1069.8672	1093.0574	1200.0000	1200.0000


>>> OED corresponding Cramer Rao expected uncertainty for the unknowns:


>>> Global parameters: 

	alpha1 : 1.4462e-03  +-  3.8768e-04; 
	Vm1    : 3.6595e-02  +-  9.6964e-03; 
	h1     : 3.1587e+00  +-  4.1877e-01; 
	Km1    : 2.0185e+00  +-  3.1887e-01; 
	d1     : 9.1616e-03  +-  3.3334e-04; 
	alpha2 : 1.6546e+00  +-  1.0270e+01; 
	d2     : 1.6936e+00  +-  2.4499e+01; 
	Kf     : 1.5410e+00  +-  6.0563e+00; 
	Kb     : 1.5407e+00  +-  6.0530e+00; 


>>> Correlation matrix for the global unknowns:

	 1.000000e+00	 -4.450450e-01	 5.622071e-01	 -4.669186e-01	 7.983138e-01	 -2.709962e-01	 -2.193737e-01	 -1.114888e-02	 -1.115105e-02
	 -4.450450e-01	 1.000000e+00	 -9.569524e-01	 9.954908e-01	 -7.210733e-02	 4.173664e-02	 3.286373e-02	 5.744144e-03	 5.745675e-03
	 5.622071e-01	 -9.569524e-01	 1.000000e+00	 -9.633969e-01	 1.909476e-01	 -8.865190e-02	 -7.070979e-02	 -8.018428e-03	 -8.020107e-03
	 -4.669186e-01	 9.954908e-01	 -9.633969e-01	 1.000000e+00	 -1.318686e-01	 6.587814e-02	 5.253185e-02	 6.047623e-03	 6.049409e-03
	 7.983138e-01	 -7.210733e-02	 1.909476e-01	 -1.318686e-01	 1.000000e+00	 -3.377806e-01	 -2.749212e-01	 -8.271967e-03	 -8.274193e-03
	 -2.709962e-01	 4.173664e-02	 -8.865190e-02	 6.587814e-02	 -3.377806e-01	 1.000000e+00	 9.826181e-01	 -6.604007e-01	 -6.603928e-01
	 -2.193737e-01	 3.286373e-02	 -7.070979e-02	 5.253185e-02	 -2.749212e-01	 9.826181e-01	 1.000000e+00	 -7.883128e-01	 -7.883082e-01
	 -1.114888e-02	 5.744144e-03	 -8.018428e-03	 6.047623e-03	 -8.271967e-03	 -6.604007e-01	 -7.883128e-01	 1.000000e+00	 9.999928e-01
	 -1.115105e-02	 5.745675e-03	 -8.020107e-03	 6.049409e-03	 -8.274193e-03	 -6.603928e-01	 -7.883082e-01	 9.999928e-01	 1.000000e+00
