
<!DOCTYPE html
  PUBLIC "-//W3C//DTD HTML 4.01 Transitional//EN">
<html><head>
      <meta http-equiv="Content-Type" content="text/html; charset=utf-8">
   <!--
This HTML was auto-generated from MATLAB code.
To make changes, update the MATLAB code and republish this document.
      --><title>doc_AMIGO_OED</title><meta name="generator" content="MATLAB 8.6"><link rel="schema.DC" href="http://purl.org/dc/elements/1.1/"><meta name="DC.date" content="2016-01-21"><meta name="DC.source" content="doc_AMIGO_OED.m"><style type="text/css">

body {
  background-color: white;
  margin:10px;
}

h1 {
  color: #007946; 
  font-size: x-large;
}

h1b {
  color: #255DA5; 
  font-size: x-large;
}

li {
  color: #255DA5; /* bullet color */
}
li {
  color: #255DA5; /* bullet color */
}
li span {
  color: black; /* text color */
}

h2 {
  color: #255DA5;
  font-size: large;
}
/* Make the text shrink to fit narrow windows, but not stretch too far in 
wide windows. */ 
p,h1,h2,div.content div {
  max-width: 820px;
  /* Hack for IE6 */
  width: auto !important; width: 820px;
  text-align: justify;
}

pre.codeinput {
  background: #E9F4F6;
  padding: 10px;
  width: 820px;
  text-align: justify;
}
@media print {
  pre.codeinput {word-wrap:break-word; width:100%;}
} 

span.keyword {color: #0000FF}
span.comment {color: #228B22}
span.string {color: #A020F0}
span.untermstring {color: #B20000}
span.syscmd {color: #B28C00}

pre.codeoutput {
  color: #666666;
  padding: 10px;
   width: 820px;
}

pre.error {
  color: red;
}

p.footer {
  text-align: right;
  font-size: xx-small;
  font-weight: lighter;
  font-style: italic;
  color: gray;
}

  </style></head><body><div class="content"><h1></h1><!--introduction--><p><img vspace="5" hspace="5" src="logo_AMIGO2_small.png" alt=""> </p><p>
<p style="color:#007946;font-size:18pt;text-align:right; margin-top: 1px; margin-bottom: 1px;"> <b>AMIGO_OED: Optimal experimental desing</b></p>
<hr align="left" width="820">
</p><!--/introduction--><h2>Contents</h2><div><ul><li><a href="#1">Task description</a></li><li><a href="#3">Call AMIGO_OED from command line</a></li><li><a href="#5">Example Step-wise stimulation</a></li><li><a href="#9">Example Pulse-wise stimulation</a></li><li><a href="#10">Example optimal observable selection</a></li><li><a href="#11">Example optimal sampling location</a></li><li><a href="#12">Example optimal observable selection</a></li><li><a href="#13">See also</a></li><li><a href="#15">References</a></li></ul></div><h2>Task description<a name="1"></a></h2><p>
<div style="background-color: #E6FAE6; margin-left: 1px; margin-right: 5px; padding-bottom: 1px; padding-left: 8px; padding-right: 8px; padding-top: 2px; line-height: 1.25">
<dl>Solves the optimal experimental design problem using the Control
Vector Parameterization (CVP) approach. The objective is to compute optimal experimental conditions so as to minimize a certain Fisher information based measure.</dl>
<dl> </dl>
<dl> It may desing:</dl>
<ul>
<li>Experimental initial conditions</li>
<li>Stimuli conditions</li>
<li>Observables </li>
<li>Sampling times </li>
<li>Experiment duration </li>
</ul>
<dl> It may allows for:</dl>
<ul>
<li> Multi-experiment (sequential and/or parallel) designs </li>
<li> D-, E-, A-, DoverE-, designs </li>
<li> Constraints on the design </li>
<dl> </dl>
<dl> It may call several optimizers:</dl>
<ul>
<li> LOCAL optimization methods: indirect and direct methods
<li> MULTISTART of local methods</li>
<li> GLOBAL optimization methods: DE, SRES</li>
<li> HYBRID optimization methods: eSS (as included in MEIGO), sequential hybrids</li>
<li> MULTI-objective solvers: NSGAII plus the weighted sum method;</li>
<li> Epsilon-constraint approach can be implemented using constraints</li>
</ul>
<dl> </dl>
<dl> Options:</dl>
<ul>
<li> 'run_identifier' to keep different folders for different runs, this avoids overwriting
<li> 'nlp_solver' to rapidly change the optimization method </li>
</ul>
</div>
</p><h2>Call AMIGO_OED from command line<a name="3"></a></h2><p>It is recommended to keep all inputs in a <b>'problem_file'.m</b>. OED task can then be called in two different ways:</p><p>1. Using the <b>inputs structure</b>:</p><pre>  &gt; problem_file</pre><pre>  &gt; AMIGO_OED(inputs)</pre><p>2. Using the <b>input file</b>:</p><pre>  &gt; AMIGO_OED('problem_file')</pre><pre>  &gt; AMIGO_OED('problem_file','run_ident')</pre><pre>  &gt; AMIGO_OED('problem_file','run_ident','nlp_solver')</pre><h2>Example Step-wise stimulation<a name="5"></a></h2><pre class="codeinput"><span class="comment">% TITLE: The circadian clock in Arabidopsis thaliana</span>
</pre><p><img vspace="5" hspace="5" src="circadian.png" alt=""> </p><pre class="codeinput"><span class="comment">%============================</span>
<span class="comment">% RESULTS PATHS RELATED DATA</span>
<span class="comment">%============================</span>
inputs.pathd.results_folder=<span class="string">'arabidopsis'</span>;  <span class="comment">% Folder to keep results (in Results\)</span>
inputs.pathd.short_name=<span class="string">'arabidopsis'</span>;      <span class="comment">% Label to identify figures and reports</span>

<span class="comment">%============================</span>
<span class="comment">% MODEL DEFINITION</span>
<span class="comment">%============================</span>
inputs.model.input_model_type=<span class="string">'charmodelC'</span>; <span class="comment">% Model type- C</span>
inputs.model.n_st=7;                        <span class="comment">% Number of states</span>
inputs.model.n_par=27;                      <span class="comment">% Number of parameters</span>
inputs.model.n_stimulus=1;                  <span class="comment">% Number of stimuli</span>
inputs.model.st_names=char(<span class="string">'CL_m'</span>,<span class="string">'CL_c'</span>,<span class="keyword">...</span><span class="comment">% Names of the states</span>
    <span class="string">'CL_n'</span>,<span class="string">'CT_m'</span>,<span class="string">'CT_c'</span>,<span class="string">'CT_n'</span>,<span class="string">'CP_n'</span>);

inputs.model.par_names=char(<span class="string">'n1'</span>,<span class="string">'n2'</span>,<span class="string">'g1'</span>,<span class="string">'g2'</span>,<span class="string">'m1'</span>,<span class="string">'m2'</span>,<span class="string">'m3'</span>,<span class="string">'m4'</span>,<span class="string">'m5'</span>,<span class="string">'m6'</span>,<span class="keyword">...</span>
    <span class="string">'m7'</span>,<span class="string">'k1'</span>,<span class="string">'k2'</span>,<span class="string">'k3'</span>,<span class="string">'k4'</span>,<span class="string">'k5'</span>,<span class="string">'k6'</span>,<span class="string">'k7'</span>,<span class="string">'p1'</span>,<span class="string">'p2'</span>,<span class="keyword">...</span>
    <span class="string">'p3'</span>,<span class="string">'r1'</span>,<span class="string">'r2'</span>,<span class="string">'r3'</span>,<span class="string">'r4'</span>,<span class="string">'q1'</span>,<span class="string">'q2'</span>);    <span class="comment">% Names of the parameters</span>

inputs.model.stimulus_names=char(<span class="string">'light'</span>);  <span class="comment">% Names of the stimuli</span>
inputs.model.eqns=<span class="keyword">...</span><span class="comment">                       % Model equations</span>
    char(<span class="string">'dCL_m=q1*CP_n*light+n1*CT_n/(g1+CT_n)-m1*CL_m/(k1+CL_m)'</span>,<span class="keyword">...</span>
    <span class="string">'dCL_c=p1*CL_m-r1*CL_c+r2*CL_n-m2*CL_c/(k2+CL_c)'</span>,<span class="keyword">...</span>
    <span class="string">'dCL_n=r1*CL_c-r2*CL_n-m3*CL_n/(k3+CL_n)'</span>,<span class="keyword">...</span>
    <span class="string">'dCT_m=n2*g2^2/(g2^2+CL_n^2)-m4*CT_m/(k4+CT_m)'</span>,<span class="keyword">...</span>
    <span class="string">'dCT_c=p2*CT_m-r3*CT_c+r4*CT_n-m5*CT_c/(k5+CT_c)'</span>,<span class="keyword">...</span>
    <span class="string">'dCT_n=r3*CT_c-r4*CT_n-m6*CT_n/(k6+CT_n)'</span>,<span class="keyword">...</span>
    <span class="string">'dCP_n=(1-light)*p3-m7*CP_n/(k7+CP_n)-q2*light*CP_n'</span>);
</pre><p>IMPORTANT:</p><p>User may select any customised name but: n, t, u, y, ydot, par, tlast, told, pend and v which are reserved words</p><pre class="codeinput">inputs.model.par=[7.5038 0.6801 1.4992 3.0412 10.0982<span class="keyword">...</span><span class="comment"> % Nominal parameter</span>
    1.9685 3.7511 2.3422 7.2482 1.8981 1.2 3.8045<span class="keyword">...</span><span class="comment">     % values</span>
    5.3087 4.1946 2.5356 1.4420 4.8600 1.2 2.1994<span class="keyword">...</span>
    9.4440 0.5 0.2817 0.7676 0.4364 7.3021 4.5703 1.0];


<span class="comment">%=====================================</span>
<span class="comment">%  EXPERIMENTAL SCHEME RELATED DATA</span>
<span class="comment">%=====================================</span>
 inputs.exps.n_exp=3;                             <span class="comment">% Total number of experiments</span>
                                                  <span class="comment">%(available + experiments to be designed)</span>
 inputs.exps.exp_type{1}=<span class="string">'fixed'</span>;                 <span class="comment">% Indicates if the the experiment should</span>
 inputs.exps.exp_type{2}=<span class="string">'fixed'</span>;                 <span class="comment">% or not be optimally designed : 'od' and 'fixed'</span>
 inputs.exps.exp_type{3}=<span class="string">'od'</span>;

 <span class="keyword">for</span> iexp=1:inputs.exps.n_exp
<span class="comment">% OBSEVABLES DEFINITION</span>
 inputs.exps.n_obs{iexp}=2;                       <span class="comment">% Number of observed quantities per experiment</span>
 inputs.exps.obs_names{iexp}=char(<span class="string">'Lum'</span>,<span class="string">'mRNAa'</span>); <span class="comment">% Name of the observed quantities per experiment</span>
 inputs.exps.obs{iexp}=char(<span class="string">'Lum=CL_m'</span>,<span class="string">'mRNAa=CT_m'</span>);
 inputs.exps.exp_y0{iexp}=zeros(1,inputs.model.n_st);<span class="comment">% Initial conditions for each experiment</span>
 <span class="keyword">end</span>


 inputs.exps.u_interp{1}=<span class="string">'sustained'</span>;              <span class="comment">% Stimuli definition for experiment 1:</span>
                                                   <span class="comment">% OPTIONS:u_interp: 'sustained' |'step'|</span>
                                                   <span class="comment">%         'linear'(default)|'pulse-up'|'pulse-down'</span>
 inputs.exps.t_f{1}=120;                           <span class="comment">% Experiment duration</span>
 inputs.exps.t_con{1}=[0 120];                     <span class="comment">% Input swithching times: Initial and final time</span>
 inputs.exps.u{1}=[1];                             <span class="comment">% Values of the inputs</span>
 inputs.exps.n_s{1}=15;                            <span class="comment">% Number of sampling times for each experiment.</span>
 inputs.exps.error_data{1}=[                       <span class="comment">% Experimental noise, n_s{iexp}x n_obs{iexp}</span>
		0.037642  0.059832
		0.072461  0.013999
		0.002877  0.020809
		0.050324  0.002705
		0.042936  0.017832
		0.044338  0.022538
		0.016335  0.017981
		0.164745  0.035301
		0.010631  0.102381
		0.127745  0.065791
		0.081671  0.049568
		0.126739  0.050306
		0.006308  0.018894
		0.054665  0.066953
		0.082163  0.015295
		];


 inputs.exps.u_interp{2}=<span class="string">'pulse-down'</span>;             <span class="comment">% Stimuli definition for experiment 2</span>
 inputs.exps.n_pulses{2}=5;                        <span class="comment">% Number of pulses |-|_|-|_|-|_|-|_|-|_</span>
 inputs.exps.u_min{2}=0;inputs.exps.u_max{2}=1;    <span class="comment">% Minimum and maximum value for the input</span>
 inputs.exps.t_f{2}=120;                           <span class="comment">% Experiment duration</span>
 inputs.exps.t_con{2}=[0 :12: 120];                <span class="comment">% Initial, switching, final times</span>
 inputs.exps.n_s{2}=25;                            <span class="comment">% Number of sampling times for each experiment.</span>


inputs.exps.error_data{2}=[
		0.146016  0.018152
		0.066547  0.045194
		0.184009  0.101495
		0.047431  0.030858
		0.175280  0.033712
		0.031945  0.048733
		0.107148  0.008715
		0.019847  0.072804
		0.111892  0.001840
		0.104932  0.058752
		0.059721  0.033324
		0.056537  0.000360
		0.051815  0.037473
		0.103393  0.028094
		0.008084  0.012024
		0.188444  0.022982
		0.046354  0.031981
		0.043436  0.003749
		0.030177  0.042560
		0.116245  0.110535
		0.059345  0.025112
		0.218587  0.000564
		0.115783  0.043708
		0.099239  0.002678
		0.010644  0.052990
		];



<span class="comment">%</span>
<span class="comment">%  INPUTS FOR THE EXPERIMENT TO BE OPTIMALLY DESIGNED</span>
<span class="comment">%</span>

 inputs.exps.u_type{3}=<span class="string">'od'</span>;                       <span class="comment">% Stimulation: 'fixed' | 'od' (to be designed)</span>
 inputs.exps.u_interp{3}=<span class="string">'step'</span>;                   <span class="comment">% Stimuli definition for experiment 3:</span>
                                                   <span class="comment">% OPTIONS:u_interp: 'sustained' |'step'|</span>
                                                   <span class="comment">%        'linear'(default)|'pulse-up'|'pulse-down'</span>
 inputs.exps.n_steps{3}=3;                         <span class="comment">% Number of pulses _|-|_|-|_</span>
 inputs.exps.u_min{3}=0*ones(1,inputs.exps.n_steps{3});
 inputs.exps.u_max{3}=1*ones(1,inputs.exps.n_steps{3});<span class="comment">% Minimum and maximum value for the input</span>
 inputs.exps.tf_type{3}=<span class="string">'fixed'</span>;                   <span class="comment">% [] Experiment duration:'fixed'(def.)|'od'(to be designed)</span>
 inputs.exps.t_f{3}=120;                           <span class="comment">% Experiment duration</span>
 inputs.exps.ts_type{3}=<span class="string">'fixed'</span>;                   <span class="comment">% [] Sampling times:'fixed'(def.)| 'od'(to be designed)</span>
 inputs.exps.n_s{3}=15;
 inputs.exps.std_dev{3}=0.1;                       <span class="comment">% Standard deviation of the noise for each</span>
                                                   <span class="comment">% experiment: Ex: 0.05 &lt;=&gt; 5%</span>


<span class="comment">%======================================</span>
<span class="comment">% PARAMETERS TO BE CONSIDERED FOR OED</span>
<span class="comment">%======================================</span>


<span class="comment">% Parameters to be considered for OED</span>
inputs.PEsol.id_global_theta=<span class="string">'all'</span>;  <span class="comment">%  'all'|User selected</span>
<span class="comment">% Nominal value of the parameters to compute the FIM</span>
inputs.PEsol.global_theta_guess=inputs.model.par;


<span class="comment">%==================================</span>
<span class="comment">% COST FUNCTION RELATED DATA</span>
<span class="comment">%==================================</span>

 inputs.exps.noise_type=<span class="string">'homo_var'</span>;                <span class="comment">% Experimental noise: 'homo' |'homo_var'| 'hetero'</span>
 inputs.OEDsol.OEDcost_type=<span class="string">'Eopt'</span>;              <span class="comment">% FIM criterium: 'Dopt'|'Eopt'|'Aopt'|'Emod'|'DoverE'</span>


<span class="comment">%==================================</span>
<span class="comment">% NUMERICAL METHODS RELATED DATA</span>
<span class="comment">%==================================</span>

<span class="comment">% OPTIMIZATION</span>

inputs.nlpsol.nlpsolver=<span class="string">'eSS'</span>;                    <span class="comment">% [] NLP solver:</span>

inputs.nlpsol.eSS.maxeval = 100000;               <span class="comment">% Maximum number of cost function evaluations</span>
inputs.nlpsol.eSS.maxtime = 300;                  <span class="comment">% Maximum computational time in seconds</span>
inputs.nlpsol.eSS.local.solver = <span class="string">'fmincon'</span>;       <span class="comment">% Local solver- SQP</span>
inputs.nlpsol.eSS.local.finish = <span class="string">'fminsearch'</span>;    <span class="comment">% Local solver- Direct method</span>
</pre><p>More information regarding the inputs used in this example can be found <a href="oedex1.html">here</a>.</p><pre class="codeinput"><span class="comment">%====================================================</span>
<span class="comment">% CALL AMIGO2 from COMMAND LINE - STEP-WISE DESIGN</span>
<span class="comment">%====================================================</span>
<span class="comment">% It is recommended to keep all inputs in a 'problem_file'.m.</span>
<span class="comment">% AMIGO2 OED task can be called as follows:</span>
<span class="comment">% AMIGO_OED('problem_file','run_ident') or AMIGO_OED(inputs)</span>


AMIGO_Prep(inputs);
AMIGO_OED(inputs);
</pre><pre class="codeoutput">

*********************************** 
     AMIGO2, Copyright @CSIC      
     AMIGO2_R2016a [Oct 2015]      
*********************************** 

*Date: 21-Jan-2016

Pre processing....this may take a few seconds.


Checking inputs....
 WARNING message

		 AMIGO_check_model: You did not specify inputs.model.exe_type, standard will be assumed

Warning: AMIGO_check_IVPsolver: Changing ivp solver to the only option
compatible with charmodelC, cvodes 
Warning: AMIGO_check_IVPsolver: Changing sensitivities solver to, cvodes 
 Generating C code ...


 Mexing files....

Building with 'MinGW64 Compiler (C)'.
D:\AMIGO2_REPO_2014\AMIGO2R2016\Kernel\IVP_solvers\cvodes\C_src4Amigo\src\src_amigo\simulate_amigo_model.c: In function 'simulate_amigo_model':
D:\AMIGO2_REPO_2014\AMIGO2R2016\Kernel\IVP_solvers\cvodes\C_src4Amigo\src\src_amigo\simulate_amigo_model.c:330:16: warning: passing argument 1 of 'mexPrintf' from incompatible pointer type
      mexPrintf(stderr,"\nSolver failed at flag = CVode(cvode_mem, tout, y, &amp;t, CV_TSTOP_RETURN);. . .\n");
                ^
In file included from D:\AMIGO2_REPO_2014\AMIGO2R2016\Kernel\IVP_solvers\cvodes\C_src4Amigo\include\include_amigo/simulate_amigo_model.h:4:0,
                 from D:\AMIGO2_REPO_2014\AMIGO2R2016\Kernel\IVP_solvers\cvodes\C_src4Amigo\src\src_amigo\simulate_amigo_model.c:1:
C:\MATLAB_R2015b_64/extern/include/mex.h:202:27: note: expected 'const char *' but argument is of type 'struct FILE *'
 LIBMWMEX_API_EXTERN_C int mexPrintf(
                           ^

D:\AMIGO2_REPO_2014\AMIGO2R2016\Kernel\IVP_solvers\cvodes\C_src4Amigo\src\src_interface\interface_with_matlab.c: In function 'mexFunction':
D:\AMIGO2_REPO_2014\AMIGO2R2016\Kernel\IVP_solvers\cvodes\C_src4Amigo\src\src_interface\interface_with_matlab.c:200:17: warning: assignment from incompatible pointer type
    stats_struct = mxGetPr(plhs[5]);
                 ^

MEX completed successfully.


Files generated....


*********************************** 
     AMIGO2, Copyright @CSIC      
     AMIGO2_R2016a [Oct 2015]      
*********************************** 

*Date: 21-Jan-2016

Checking inputs....
 WARNING message

		 AMIGO_check_model: You did not specify inputs.model.exe_type, standard will be assumed

Warning: AMIGO_check_IVPsolver: Changing ivp solver to the only option
compatible with charmodelC, cvodes 
Warning: AMIGO_check_IVPsolver: Changing sensitivities solver to, cvodes 


 WARNING message

		 You have not provided the sampling times.
 		 Equidistant sampling will be assumed for experiment 1
		 Note however that you may modify your input file by adding
		 inputs.exps.t_s{iexp}


 WARNING message

		 You have not provided the sampling times.
 		 Equidistant sampling will be assumed for experiment 2
		 Note however that you may modify your input file by adding
		 inputs.exps.t_s{iexp}


 WARNING message

		 Standard deviation, inputs.exps.std_dev{iexp}, should be a vector of dimension 1*n_obs{iexp}.
		 The same std_dev will be used for all observables in experiment 3.
Warning: Directory already exists. 


---------------------------------------------------
Local sensitivity problem related active settings
---------------------------------------------------
senssolver: cvodes
ivp_RelTol: 1e-05
ivp_AbsTol: 1e-07
sens_RelTol: ~1e-05
sensmex: cvodesg_arabidopsis
MaxStepSize: Inf
MaxNumberOfSteps: 100000
sens_RelTol: ~1e-05

----------------------------------------------------------
 WARNING message
		The Fisher Information Matrix is nearly singular.
----------------------------------------------------------

Warning: Matrix is close to singular or badly scaled. Results may be inaccurate.
RCOND =  9.218797e-20. 

*************************************************************************


IMPORTANT!!: Most of the optimization solvers have their own
                    tunning parameters (options).
                    Defaults have been assigned in the *NLPsolver*_options
                    files. You may need to modify those settings for your
                    particular problem, specially:
                      - maximum number of function evaluations /iterations,
                      - maximum computational time


******************************************************************

  Solving the NLP problem with
		&gt;Summary of selected eSS options: 
ess_options.
	combination:	1
	delete:	'standard'
	dim_refset:	'auto'
	diverse_criteria:	1
	initiate:	1
	intens:	10
	inter_save:	0
	iterprint:	1
	local:	(1x1 struct)
	log_var:	[]
	maxeval:	100000
	maxtime:	300
	n_stuck:	0
	ndiverse:	'auto'
	plot:	0
	prob_bound:	0.5
	regenerate:	3
	strategy:	0
	tolc:	1e-05
	tolf:	0.0001
	tolx:	0.001
	weight:	1000000

		  default options are used. 


		&gt;Bounds on the unknowns:

		v_guess(1)=0.500000;  v_min(1)=0.000000;  v_max(1)=1.000000;
		v_guess(2)=0.500000;  v_min(2)=0.000000;  v_max(2)=1.000000;
		v_guess(3)=0.500000;  v_min(3)=0.000000;  v_max(3)=1.000000;
		v_guess(4)=40.000000;  v_min(4)=20.000000;  v_max(4)=80.000000;
		v_guess(5)=80.000000;  v_min(5)=60.000000;  v_max(5)=120.000000;
		v_guess(6)=120.000000;  v_min(6)=120.000000;  v_max(6)=120.000000;


------------------------------------------------------------------------------ 
 eSS R2010B - Enhanced Scatter Search    
 IIM-CSIC, Vigo, Spain -  email: gingproc@iim.csic.es 
------------------------------------------------------------------------------ 

Refset size automatically calculated: 10
Number of diverse solutions automatically calculated: 60

----------------------------------------------------------
 WARNING message
		The Fisher Information Matrix is nearly singular.
----------------------------------------------------------

Warning: Matrix is close to singular or badly scaled. Results may be inaccurate.
RCOND =  3.452779e-19. 

.....
intermediate outputs deleted
.....

Iteration: 1 NFunEvals: 163  Bestf: -6.69212e-08      CPUTime: 26.769772    Var: 1.42626e-16 
Call local solver: FMINCON 
Iteration: 2 NFunEvals: 288  Bestf: -6.69212e-08      CPUTime: 48.531911    Var: 6.4546e-17 
Iteration: 3 NFunEvals: 383  Bestf: -6.7063e-08      CPUTime: 64.444013    Var: 6.99963e-17 
Iteration: 4 NFunEvals: 475  Bestf: -6.7063e-08      CPUTime: 79.529310    Var: 6.41089e-17 
Iteration: 5 NFunEvals: 567  Bestf: -7.06465e-08      CPUTime: 94.708207    Var: 7.07709e-17 
Iteration: 6 NFunEvals: 658  Bestf: -7.06465e-08      CPUTime: 109.029099    Var: 5.40892e-17 
Iteration: 7 NFunEvals: 748  Bestf: -7.06465e-08      CPUTime: 123.505992    Var: 5.40892e-17 
Iteration: 8 NFunEvals: 841  Bestf: -7.48706e-08      CPUTime: 138.575688    Var: 5.62139e-17 
Iteration: 9 NFunEvals: 931  Bestf: -7.48706e-08      CPUTime: 152.943380    Var: 5.62139e-17 
Iteration: 10 NFunEvals: 1022  Bestf: -7.48706e-08      CPUTime: 167.794676    Var: 5.45952e-17 
Iteration: 11 NFunEvals: 1112  Bestf: -7.48706e-08      CPUTime: 182.427569    Var: 5.45952e-17 
Iteration: 12 NFunEvals: 1240  Bestf: -7.48706e-08      CPUTime: 203.581305    Var: 4.34478e-17 
.....
intermediate outputs deleted
.....

Iteration: 18 NFunEvals: 1782  Bestf: -7.67531e-08      CPUTime: 290.567463    Var: 4.81368e-17 
Iteration: 19 NFunEvals: 1873  Bestf: -7.67531e-08      CPUTime: 305.122356    Var: 5.58089e-17 
Final local refinement with: FMINSEARCH 

.....
intermediate outputs deleted
.....

Warning: Matrix is close to singular or badly scaled. Results may be inaccurate.
RCOND =  3.885571e-19. 
Maximum computation time achieved
Best solution value		-7.67531e-08
Decision vector
	0.727042
	0.63164
	0.412403
	70.2968
	95.6148
	120
CPU time		342.235
Number of function evaluations		2095

----------------------------------------------------------
 WARNING message
		The Fisher Information Matrix is nearly singular.
----------------------------------------------------------

Warning: Matrix is close to singular or badly scaled. Results may be inaccurate.
RCOND =  3.560334e-19. 


-----------------------------------------------
 Initial value problem related active settings
-----------------------------------------------
ivpsolver: cvodes
RelTol: 1e-05
AbsTol: 1e-07
MaxStepSize: Inf
MaxNumberOfSteps: 100000


----------------------------------------
	 EXPERIMENTAL DESIGN:

----------------------------------------
	   

Best objective function: Eopt = -7.675309e-08 


Input values/temporal elements for Experiment 3:
		step interpolation is being used.
			Control values:
			Input 1:	  0.7270	  0.6316	  0.4124	
			Control switching times: 	  0.0000	 70.2968	 95.6148	120.0000


OED corresponding Cramer Rao expected uncertainty for the unknowns:


Global parameters: 

	n1 : 7.5038e+00  +-  3.5356e+01; 
	n2 : 6.8010e-01  +-  3.5126e-01; 
	g1 : 1.4992e+00  +-  6.8887e+02; 
	g2 : 3.0412e+00  +-  6.7629e+01; 
	m1 : 1.0098e+01  +-  3.7722e+01; 
	m2 : 1.9685e+00  +-  4.9084e+01; 
	m3 : 3.7511e+00  +-  7.4904e+01; 
	m4 : 2.3422e+00  +-  4.3613e+00; 
	m5 : 7.2482e+00  +-  1.0058e+03; 
	m6 : 1.8981e+00  +-  2.5042e+02; 
	m7 : 1.2000e+00  +-  3.3169e+04; 
	k1 : 3.8045e+00  +-  5.3218e+00; 
	k2 : 5.3087e+00  +-  1.2540e+02; 
	k3 : 4.1946e+00  +-  8.1229e+01; 
	k4 : 2.5356e+00  +-  7.2255e+00; 
	k5 : 1.4420e+00  +-  2.2358e+02; 
	k6 : 4.8600e+00  +-  2.3197e+03; 
	k7 : 1.2000e+00  +-  3.3176e+04; 
	p1 : 2.1994e+00  +-  4.4048e+01; 
	p2 : 9.4440e+00  +-  1.3113e+03; 
	p3 : 5.0000e-01  +-  1.3818e+04; 
	r1 : 2.8170e-01  +-  3.3854e+00; 
	r2 : 7.6760e-01  +-  3.0820e+00; 
	r3 : 4.3640e-01  +-  2.2237e+02; 
	r4 : 7.3021e+00  +-  1.5071e+02; 
	q1 : 4.5703e+00  +-  1.2631e+05; 
	q2 : 1.0000e+00  +-  8.2434e+00; 


 Correlation matrix for the global unknowns:

	 1.000000e+00	 4.712702e-01	 7.256270e-01	 -2.104621e-01	 2.583613e-01	 -3.188399e-01	 -1.763611e-01	 2.262595e-01	 -3.715987e-01	 -2.603147e-01	 -6.212697e-02	 -1.978407e-01	 -3.444297e-01	 -2.105415e-01	 6.505523e-02	 -4.782502e-01	 7.436985e-01	 -6.198826e-02	 -2.768832e-01	 -3.728325e-01	 -6.226052e-02	 -7.452443e-03	 -5.478594e-01	 7.390518e-01	 -4.274414e-01	 6.222970e-02	 2.557197e-02
	 4.712702e-01	 1.000000e+00	 4.784955e-01	 4.472110e-02	 -5.233777e-02	 -5.453303e-01	 -2.019753e-01	 -2.598536e-01	 -2.030852e-01	 -9.057320e-02	 -4.772091e-02	 -1.076453e-01	 -5.012159e-01	 -1.855760e-01	 -5.137584e-01	 -2.769345e-01	 5.023816e-01	 -4.762670e-02	 -3.400772e-01	 -2.038173e-01	 -4.780193e-02	 5.263546e-01	 -6.465193e-01	 4.824063e-01	 -1.147933e-01	 4.778176e-02	 2.477960e-01
	 7.256270e-01	 4.784955e-01	 1.000000e+00	 -1.995592e-01	 -3.906349e-01	 -1.642742e-01	 -1.219361e-01	 1.620428e-01	 -2.107003e-01	 -1.027204e-01	 -2.193171e-01	 -4.367980e-01	 -2.255658e-01	 -1.168996e-01	 9.579840e-03	 -3.762332e-01	 9.938276e-01	 -2.192127e-01	 -1.848591e-01	 -2.107156e-01	 -2.193954e-01	 -1.271688e-01	 -3.830562e-01	 9.626286e-01	 8.217102e-02	 2.193585e-01	 3.770008e-01
	 -2.104621e-01	 4.472110e-02	 -1.995592e-01	 1.000000e+00	 1.875787e-01	 4.174488e-01	 9.114788e-01	 -3.086469e-02	 6.043229e-01	 6.967003e-01	 4.605891e-01	 4.748100e-01	 5.109380e-01	 9.141424e-01	 -4.702419e-02	 6.083578e-01	 -1.618930e-01	 4.606290e-01	 8.147710e-01	 6.028917e-01	 4.605526e-01	 4.922145e-01	 -1.249217e-01	 -3.457651e-01	 -1.065511e-02	 -4.605575e-01	 2.393221e-01
	 2.583613e-01	 -5.233777e-02	 -3.906349e-01	 1.875787e-01	 1.000000e+00	 1.007583e-01	 1.877388e-01	 1.446986e-02	 2.284926e-01	 1.775492e-01	 3.626669e-01	 5.560795e-01	 1.516123e-01	 1.580969e-01	 2.317102e-02	 2.880396e-01	 -3.865991e-01	 3.626880e-01	 1.714015e-01	 2.273329e-01	 3.626151e-01	 4.607192e-02	 -1.523180e-01	 -4.444915e-01	 -7.817170e-01	 -3.626004e-01	 -5.223802e-01
	 -3.188399e-01	 -5.453303e-01	 -1.642742e-01	 4.174488e-01	 1.007583e-01	 1.000000e+00	 6.898380e-01	 -4.194648e-02	 5.517809e-01	 4.308938e-01	 2.230806e-01	 3.588572e-01	 9.843391e-01	 7.130908e-01	 1.178129e-01	 5.513968e-01	 -2.142010e-01	 2.230621e-01	 8.550261e-01	 5.528546e-01	 2.231018e-01	 -5.683467e-01	 5.833028e-01	 -2.980746e-01	 -3.524933e-03	 -2.231021e-01	 2.217158e-02
	 -1.763611e-01	 -2.019753e-01	 -1.219361e-01	 9.114788e-01	 1.877388e-01	 6.898380e-01	 1.000000e+00	 1.649662e-01	 6.508639e-01	 6.948590e-01	 4.339383e-01	 4.441823e-01	 7.307800e-01	 9.922245e-01	 1.982137e-01	 6.389267e-01	 -1.096598e-01	 4.339613e-01	 9.626380e-01	 6.501112e-01	 4.339174e-01	 1.249224e-01	 1.011657e-01	 -2.905466e-01	 -7.537663e-02	 -4.339217e-01	 1.676355e-01
	 2.262595e-01	 -2.598536e-01	 1.620428e-01	 -3.086469e-02	 1.446986e-02	 -4.194648e-02	 1.649662e-01	 1.000000e+00	 -9.837147e-02	 -3.698308e-02	 -1.884962e-01	 -2.129900e-01	 -1.464917e-01	 8.295388e-02	 9.618582e-01	 -1.196796e-01	 1.727663e-01	 -1.885317e-01	 7.125575e-02	 -9.830476e-02	 -1.884772e-01	 -8.904142e-02	 9.443152e-02	 1.598352e-01	 -3.367880e-01	 1.884901e-01	 -2.349767e-01
	 -3.715987e-01	 -2.030852e-01	 -2.107003e-01	 6.043229e-01	 2.284926e-01	 5.517809e-01	 6.508639e-01	 -9.837147e-02	 1.000000e+00	 9.567355e-01	 3.470640e-01	 4.637961e-01	 5.905359e-01	 6.803072e-01	 -3.270413e-02	 9.849682e-01	 -2.338274e-01	 3.469894e-01	 6.668742e-01	 9.999936e-01	 3.471301e-01	 2.429011e-02	 1.027129e-01	 -4.649311e-01	 -6.837030e-02	 -3.471098e-01	 -1.133376e-01
	 -2.603147e-01	 -9.057320e-02	 -1.027204e-01	 6.967003e-01	 1.775492e-01	 4.308938e-01	 6.948590e-01	 -3.698308e-02	 9.567355e-01	 1.000000e+00	 3.619377e-01	 4.238436e-01	 4.852577e-01	 7.073456e-01	 -1.166420e-02	 9.251284e-01	 -9.683419e-02	 3.618875e-01	 6.538179e-01	 9.559231e-01	 3.619817e-01	 2.038825e-01	 -4.379952e-02	 -3.554497e-01	 -4.980835e-02	 -3.619662e-01	 -1.332446e-02
	 -6.212697e-02	 -4.772091e-02	 -2.193171e-01	 4.605891e-01	 3.626669e-01	 2.230806e-01	 4.339383e-01	 -1.884962e-01	 3.470640e-01	 3.619377e-01	 1.000000e+00	 6.111523e-01	 2.917902e-01	 4.306306e-01	 -1.589352e-01	 3.662672e-01	 -2.036426e-01	 1.000000e+00	 3.873490e-01	 3.453641e-01	 9.999999e-01	 1.816874e-01	 -1.798537e-01	 -2.932821e-01	 -2.873112e-02	 -9.999999e-01	 2.458358e-01
	 -1.978407e-01	 -1.076453e-01	 -4.367980e-01	 4.748100e-01	 5.560795e-01	 3.588572e-01	 4.441823e-01	 -2.129900e-01	 4.637961e-01	 4.238436e-01	 6.111523e-01	 1.000000e+00	 4.647055e-01	 4.372180e-01	 -1.640672e-01	 5.167462e-01	 -4.345053e-01	 6.118104e-01	 4.599101e-01	 4.628357e-01	 6.116640e-01	 7.279108e-02	 -1.941539e-01	 -5.270583e-01	 -1.544871e-01	 -6.116666e-01	 1.617434e-01
	 -3.444297e-01	 -5.012159e-01	 -2.255658e-01	 5.109380e-01	 1.516123e-01	 9.843391e-01	 7.307800e-01	 -1.464917e-01	 5.905359e-01	 4.852577e-01	 2.917902e-01	 4.647055e-01	 1.000000e+00	 7.559107e-01	 1.096582e-02	 5.988507e-01	 -2.654738e-01	 2.924774e-01	 8.848305e-01	 5.912094e-01	 2.924843e-01	 -4.621615e-01	 5.010536e-01	 -3.629954e-01	 2.693752e-02	 -2.924868e-01	 7.388395e-02
	 -2.105415e-01	 -1.855760e-01	 -1.168996e-01	 9.141424e-01	 1.580969e-01	 7.130908e-01	 9.922245e-01	 8.295388e-02	 6.803072e-01	 7.073456e-01	 4.306306e-01	 4.372180e-01	 7.559107e-01	 1.000000e+00	 1.212534e-01	 6.654887e-01	 -1.117360e-01	 4.312076e-01	 9.667411e-01	 6.794890e-01	 4.311667e-01	 1.176005e-01	 1.150922e-01	 -2.924751e-01	 -4.012805e-02	 -4.311718e-01	 1.918786e-01
	 6.505523e-02	 -5.137584e-01	 9.579840e-03	 -4.702419e-02	 2.317102e-02	 1.178129e-01	 1.982137e-01	 9.618582e-01	 -3.270413e-02	 -1.166420e-02	 -1.589352e-01	 -1.640672e-01	 1.096582e-02	 1.212534e-01	 1.000000e+00	 -3.060294e-02	 1.152755e-02	 -1.588873e-01	 1.560465e-01	 -3.221500e-02	 -1.587863e-01	 -2.339595e-01	 2.749024e-01	 7.076446e-03	 -2.676961e-01	 1.588037e-01	 -2.817154e-01
	 -4.782502e-01	 -2.769345e-01	 -3.762332e-01	 6.083578e-01	 2.880396e-01	 5.513968e-01	 6.389267e-01	 -1.196796e-01	 9.849682e-01	 9.251284e-01	 3.662672e-01	 5.167462e-01	 5.988507e-01	 6.654887e-01	 -3.060294e-02	 1.000000e+00	 -3.969193e-01	 3.672911e-01	 6.648345e-01	 9.849941e-01	 3.674561e-01	 4.604815e-02	 1.639101e-01	 -6.107142e-01	 -8.223839e-02	 -3.674303e-01	 -1.755160e-01
	 7.436985e-01	 5.023816e-01	 9.938276e-01	 -1.618930e-01	 -3.865991e-01	 -2.142010e-01	 -1.096598e-01	 1.727663e-01	 -2.338274e-01	 -9.683419e-02	 -2.036426e-01	 -4.345053e-01	 -2.654738e-01	 -1.117360e-01	 1.152755e-02	 -3.969193e-01	 1.000000e+00	 -2.047405e-01	 -1.929485e-01	 -2.343967e-01	 -2.049380e-01	 -4.837655e-02	 -4.303091e-01	 9.633955e-01	 8.624018e-02	 2.049003e-01	 3.984633e-01
	 -6.198826e-02	 -4.762670e-02	 -2.192127e-01	 4.606290e-01	 3.626880e-01	 2.230621e-01	 4.339613e-01	 -1.885317e-01	 3.469894e-01	 3.618875e-01	 1.000000e+00	 6.118104e-01	 2.924774e-01	 4.312076e-01	 -1.588873e-01	 3.672911e-01	 -2.047405e-01	 1.000000e+00	 3.873556e-01	 3.452890e-01	 9.999997e-01	 1.817206e-01	 -1.800136e-01	 -2.931674e-01	 -2.871913e-02	 -9.999998e-01	 2.460112e-01
	 -2.768832e-01	 -3.400772e-01	 -1.848591e-01	 8.147710e-01	 1.714015e-01	 8.550261e-01	 9.626380e-01	 7.125575e-02	 6.668742e-01	 6.538179e-01	 3.873490e-01	 4.599101e-01	 8.848305e-01	 9.667411e-01	 1.560465e-01	 6.648345e-01	 -1.929485e-01	 3.873556e-01	 1.000000e+00	 6.665778e-01	 3.880011e-01	 -9.670702e-02	 3.011513e-01	 -3.502576e-01	 -4.705375e-02	 -3.880030e-01	 1.221133e-01
	 -3.728325e-01	 -2.038173e-01	 -2.107156e-01	 6.028917e-01	 2.273329e-01	 5.528546e-01	 6.501112e-01	 -9.830476e-02	 9.999936e-01	 9.559231e-01	 3.453641e-01	 4.628357e-01	 5.912094e-01	 6.794890e-01	 -3.221500e-02	 9.849941e-01	 -2.343967e-01	 3.452890e-01	 6.665778e-01	 1.000000e+00	 3.463841e-01	 2.214471e-02	 1.047688e-01	 -4.649235e-01	 -6.799662e-02	 -3.463637e-01	 -1.137304e-01
	 -6.226052e-02	 -4.780193e-02	 -2.193954e-01	 4.605526e-01	 3.626151e-01	 2.231018e-01	 4.339174e-01	 -1.884772e-01	 3.471301e-01	 3.619817e-01	 9.999999e-01	 6.116640e-01	 2.924843e-01	 4.311667e-01	 -1.587863e-01	 3.674561e-01	 -2.049380e-01	 9.999997e-01	 3.880011e-01	 3.463841e-01	 1.000000e+00	 1.816534e-01	 -1.797082e-01	 -2.933695e-01	 -2.870837e-02	 -1.000000e+00	 2.457024e-01
	 -7.452443e-03	 5.263546e-01	 -1.271688e-01	 4.922145e-01	 4.607192e-02	 -5.683467e-01	 1.249224e-01	 -8.904142e-02	 2.429011e-02	 2.038825e-01	 1.816874e-01	 7.279108e-02	 -4.621615e-01	 1.176005e-01	 -2.339595e-01	 4.604815e-02	 -4.837655e-02	 1.817206e-01	 -9.670702e-02	 2.214471e-02	 1.816534e-01	 1.000000e+00	 -5.738689e-01	 -1.210767e-01	 3.283279e-02	 -1.816541e-01	 1.605715e-01
	 -5.478594e-01	 -6.465193e-01	 -3.830562e-01	 -1.249217e-01	 -1.523180e-01	 5.833028e-01	 1.011657e-01	 9.443152e-02	 1.027129e-01	 -4.379952e-02	 -1.798537e-01	 -1.941539e-01	 5.010536e-01	 1.150922e-01	 2.749024e-01	 1.639101e-01	 -4.303091e-01	 -1.800136e-01	 3.011513e-01	 1.047688e-01	 -1.797082e-01	 -5.738689e-01	 1.000000e+00	 -3.731052e-01	 -1.999009e-02	 1.790737e-01	 -3.819468e-01
	 7.390518e-01	 4.824063e-01	 9.626286e-01	 -3.457651e-01	 -4.444915e-01	 -2.980746e-01	 -2.905466e-01	 1.598352e-01	 -4.649311e-01	 -3.554497e-01	 -2.932821e-01	 -5.270583e-01	 -3.629954e-01	 -2.924751e-01	 7.076446e-03	 -6.107142e-01	 9.633955e-01	 -2.931674e-01	 -3.502576e-01	 -4.649235e-01	 -2.933695e-01	 -1.210767e-01	 -3.731052e-01	 1.000000e+00	 1.302977e-01	 2.946664e-01	 3.938139e-01
	 -4.274414e-01	 -1.147933e-01	 8.217102e-02	 -1.065511e-02	 -7.817170e-01	 -3.524933e-03	 -7.537663e-02	 -3.367880e-01	 -6.837030e-02	 -4.980835e-02	 -2.873112e-02	 -1.544871e-01	 2.693752e-02	 -4.012805e-02	 -2.676961e-01	 -8.223839e-02	 8.624018e-02	 -2.871913e-02	 -4.705375e-02	 -6.799662e-02	 -2.870837e-02	 3.283279e-02	 -1.999009e-02	 1.302977e-01	 1.000000e+00	 2.892810e-02	 6.343775e-01
	 6.222970e-02	 4.778176e-02	 2.193585e-01	 -4.605575e-01	 -3.626004e-01	 -2.231021e-01	 -4.339217e-01	 1.884901e-01	 -3.471098e-01	 -3.619662e-01	 -9.999999e-01	 -6.116666e-01	 -2.924868e-01	 -4.311718e-01	 1.588037e-01	 -3.674303e-01	 2.049003e-01	 -9.999998e-01	 -3.880030e-01	 -3.463637e-01	 -1.000000e+00	 -1.816541e-01	 1.790737e-01	 2.946664e-01	 2.892810e-02	 1.000000e+00	 -2.457530e-01
	 2.557197e-02	 2.477960e-01	 3.770008e-01	 2.393221e-01	 -5.223802e-01	 2.217158e-02	 1.676355e-01	 -2.349767e-01	 -1.133376e-01	 -1.332446e-02	 2.458358e-01	 1.617434e-01	 7.388395e-02	 1.918786e-01	 -2.817154e-01	 -1.755160e-01	 3.984633e-01	 2.460112e-01	 1.221133e-01	 -1.137304e-01	 2.457024e-01	 1.605715e-01	 -3.819468e-01	 3.938139e-01	 6.343775e-01	 -2.457530e-01	 1.000000e+00


Plotting results....



Results (report and struct_results.mat) and plots were kept in the directory:

		D:\AMIGO2_REPO_2014\AMIGO2R2016\Results\arabidopsis\OED_arabidopsis_eSS_run1

		Click &lt;a href="matlab: cd('D:\AMIGO2_REPO_2014\AMIGO2R2016\Results\arabidopsis\OED_arabidopsis_eSS_run1')"&gt;here&lt;/a&gt; to go to the results folder or &lt;a href="matlab: load('D:\AMIGO2_REPO_2014\AMIGO2R2016\Results\arabidopsis\OED_arabidopsis_eSS_run1\strreport_arabidopsis_run1.mat')"&gt;here&lt;/a&gt; to load the results.
</pre><img vspace="5" hspace="5" src="doc_AMIGO_OED_01.png" alt=""> <img vspace="5" hspace="5" src="doc_AMIGO_OED_02.png" alt=""> <img vspace="5" hspace="5" src="doc_AMIGO_OED_03.png" alt=""> <img vspace="5" hspace="5" src="doc_AMIGO_OED_04.png" alt=""> <img vspace="5" hspace="5" src="doc_AMIGO_OED_05.png" alt=""> <h2>Example Pulse-wise stimulation<a name="9"></a></h2><pre class="codeinput"><span class="comment">%</span>
<span class="comment">%  INPUTS FOR THE STIMULATION TO BE OPTIMALLY DESIGNED - PULSE WISE</span>
<span class="comment">%  STIMULATION</span>
<span class="comment">%</span>
 inputs.exps.u_type{3}=<span class="string">'od'</span>;                       <span class="comment">% Stimulation: 'fixed' | 'od' (to be designed)</span>
 inputs.exps.u_interp{3}=<span class="string">'pulse-up'</span>;                   <span class="comment">% Stimuli definition for experiment 3:</span>
                                                   <span class="comment">% OPTIONS:u_interp: 'sustained' |'step'|</span>
                                                   <span class="comment">%        'linear'(default)|'pulse-up'|'pulse-down'</span>
 inputs.exps.n_pulses{3}=3;                        <span class="comment">% Number of pulses _|-|_|-|_</span>
 inputs.exps.u_min{3}=0;                           <span class="comment">% Min and max value for the stimuli</span>
 inputs.exps.u_max{3}=1;

<span class="comment">%====================================================</span>
<span class="comment">% CALL AMIGO2 from COMMAND LINE - PULSE-WISE DESIGN</span>
<span class="comment">%====================================================</span>
<span class="comment">% It is recommended to keep all inputs in a 'problem_file'.m.</span>
<span class="comment">% AMIGO2 OED task can be called as follows:</span>
<span class="comment">% AMIGO_OED('problem_file','run_ident') or AMIGO_OED(inputs)</span>

AMIGO_OED(inputs);
</pre><pre class="codeoutput">

*********************************** 
     AMIGO2, Copyright @CSIC      
     AMIGO2_R2016a [Oct 2015]      
*********************************** 

*Date: 21-Jan-2016

Checking inputs....
 WARNING message

