

-------------------------------
   Model related information
-------------------------------

--> Number of states: 3


--> Number of model parameters: 9

--> Vector of parameters (nominal values):

	par0=[   0.00176     0.08009     2.22549     3.35948     0.01006     1.00000     1.00000     1.00000     1.00000  ]


-->Number of observables:
	Experiment 1: 3
	Experiment 2: 3
	Experiment 3: 3

-->Observables:
		Experiment 1:
			mRNA=gal1_mrna            
			FoldedProtein=gal1_foldedP
			Fluorescence=gal1_fluo    
		Experiment 2:
			mRNA=gal1_mrna            
			FoldedProtein=gal1_foldedP
			Fluorescence=gal1_fluo    
		Experiment 3:
			mRNA=gal1_mrna            
			FoldedProtein=gal1_foldedP
			Fluorescence=gal1_fluo    


----------------------------------------
	  >>>> EXPERIMENTAL DESIGN:

----------------------------------------
	   

>>>> Best objective function: Dopt = -1.689253e+27 


-------------------------------------------
  Experimental scheme related information
-------------------------------------------


-->Number of experiments: 3


-->Initial conditions for each experiment:
		Experiment 1: 
			exp_y0=[2.088e+00  1.045e+00  1.045e+00  ]
		Experiment 2: 
			exp_y0=[2.088e+00  1.045e+00  1.045e+00  ]
		Experiment 3: 
			exp_y0=[2.088e+00  1.045e+00  1.045e+00  ]

-->Final process time for each experiment: 
		Experiment 1: 	 1200.000000

-->Final process time for each experiment: 
		Experiment 2: 	 1200.000000

-->Final process time for each experiment: 
		Experiment 3: 	 1200.000000


-->Sampling times for each experiment: 
		Experiment 1: 	 		Experiment 110: 	 		Experiment 95: 	 		Experiment 115: 	 		Experiment 58: 	 		Experiment 32: 	 		Experiment 37: 	 		Experiment 105: 	 		Experiment 32: 	 		Experiment 92: 	 		Experiment 116: 	 		Experiment 241: 	 0.000e+00  5.000e+00  1.000e+01  1.500e+01  2.000e+01  2.500e+01  3.000e+01  3.500e+01  4.000e+01  4.500e+01  5.000e+01  5.500e+01  6.000e+01  6.500e+01  7.000e+01  7.500e+01  8.000e+01  8.500e+01  9.000e+01  9.500e+01  1.000e+02  1.050e+02  1.100e+02  1.150e+02  1.200e+02  1.250e+02  1.300e+02  1.350e+02  1.400e+02  1.450e+02  1.500e+02  1.550e+02  1.600e+02  1.650e+02  1.700e+02  1.750e+02  1.800e+02  1.850e+02  1.900e+02  1.950e+02  2.000e+02  2.050e+02  2.100e+02  2.150e+02  2.200e+02  2.250e+02  2.300e+02  2.350e+02  2.400e+02  2.450e+02  2.500e+02  2.550e+02  2.600e+02  2.650e+02  2.700e+02  2.750e+02  2.800e+02  2.850e+02  2.900e+02  2.950e+02  3.000e+02  3.050e+02  3.100e+02  3.150e+02  3.200e+02  3.250e+02  3.300e+02  3.350e+02  3.400e+02  3.450e+02  3.500e+02  3.550e+02  3.600e+02  3.650e+02  3.700e+02  3.750e+02  3.800e+02  3.850e+02  3.900e+02  3.950e+02  4.000e+02  4.050e+02  4.100e+02  4.150e+02  4.200e+02  4.250e+02  4.300e+02  4.350e+02  4.400e+02  4.450e+02  4.500e+02  4.550e+02  4.600e+02  4.650e+02  4.700e+02  4.750e+02  4.800e+02  4.850e+02  4.900e+02  4.950e+02  5.000e+02  5.050e+02  5.100e+02  5.150e+02  5.200e+02  5.250e+02  5.300e+02  5.350e+02  5.400e+02  5.450e+02  5.500e+02  5.550e+02  5.600e+02  5.650e+02  5.700e+02  5.750e+02  5.800e+02  5.850e+02  5.900e+02  5.950e+02  6.000e+02  6.050e+02  6.100e+02  6.150e+02  6.200e+02  6.250e+02  6.300e+02  6.350e+02  6.400e+02  6.450e+02  6.500e+02  6.550e+02  6.600e+02  6.650e+02  6.700e+02  6.750e+02  6.800e+02  6.850e+02  6.900e+02  6.950e+02  7.000e+02  7.050e+02  7.100e+02  7.150e+02  7.200e+02  7.250e+02  7.300e+02  7.350e+02  7.400e+02  7.450e+02  7.500e+02  7.550e+02  7.600e+02  7.650e+02  7.700e+02  7.750e+02  7.800e+02  7.850e+02  7.900e+02  7.950e+02  8.000e+02  8.050e+02  8.100e+02  8.150e+02  8.200e+02  8.250e+02  8.300e+02  8.350e+02  8.400e+02  8.450e+02  8.500e+02  8.550e+02  8.600e+02  8.650e+02  8.700e+02  8.750e+02  8.800e+02  8.850e+02  8.900e+02  8.950e+02  9.000e+02  9.050e+02  9.100e+02  9.150e+02  9.200e+02  9.250e+02  9.300e+02  9.350e+02  9.400e+02  9.450e+02  9.500e+02  9.550e+02  9.600e+02  9.650e+02  9.700e+02  9.750e+02  9.800e+02  9.850e+02  9.900e+02  9.950e+02  1.000e+03  1.005e+03  1.010e+03  1.015e+03  1.020e+03  1.025e+03  1.030e+03  1.035e+03  1.040e+03  1.045e+03  1.050e+03  1.055e+03  1.060e+03  1.065e+03  1.070e+03  1.075e+03  1.080e+03  1.085e+03  1.090e+03  1.095e+03  1.100e+03  1.105e+03  1.110e+03  1.115e+03  1.120e+03  1.125e+03  1.130e+03  1.135e+03  1.140e+03  1.145e+03  1.150e+03  1.155e+03  1.160e+03  1.165e+03  1.170e+03  1.175e+03  1.180e+03  1.185e+03  1.190e+03  1.195e+03  1.200e+03  

-->Sampling times for each experiment: 
		Experiment 2: 	 		Experiment 110: 	 		Experiment 95: 	 		Experiment 115: 	 		Experiment 58: 	 		Experiment 32: 	 		Experiment 37: 	 		Experiment 105: 	 		Experiment 32: 	 		Experiment 92: 	 		Experiment 116: 	 		Experiment 241: 	 0.000e+00  5.000e+00  1.000e+01  1.500e+01  2.000e+01  2.500e+01  3.000e+01  3.500e+01  4.000e+01  4.500e+01  5.000e+01  5.500e+01  6.000e+01  6.500e+01  7.000e+01  7.500e+01  8.000e+01  8.500e+01  9.000e+01  9.500e+01  1.000e+02  1.050e+02  1.100e+02  1.150e+02  1.200e+02  1.250e+02  1.300e+02  1.350e+02  1.400e+02  1.450e+02  1.500e+02  1.550e+02  1.600e+02  1.650e+02  1.700e+02  1.750e+02  1.800e+02  1.850e+02  1.900e+02  1.950e+02  2.000e+02  2.050e+02  2.100e+02  2.150e+02  2.200e+02  2.250e+02  2.300e+02  2.350e+02  2.400e+02  2.450e+02  2.500e+02  2.550e+02  2.600e+02  2.650e+02  2.700e+02  2.750e+02  2.800e+02  2.850e+02  2.900e+02  2.950e+02  3.000e+02  3.050e+02  3.100e+02  3.150e+02  3.200e+02  3.250e+02  3.300e+02  3.350e+02  3.400e+02  3.450e+02  3.500e+02  3.550e+02  3.600e+02  3.650e+02  3.700e+02  3.750e+02  3.800e+02  3.850e+02  3.900e+02  3.950e+02  4.000e+02  4.050e+02  4.100e+02  4.150e+02  4.200e+02  4.250e+02  4.300e+02  4.350e+02  4.400e+02  4.450e+02  4.500e+02  4.550e+02  4.600e+02  4.650e+02  4.700e+02  4.750e+02  4.800e+02  4.850e+02  4.900e+02  4.950e+02  5.000e+02  5.050e+02  5.100e+02  5.150e+02  5.200e+02  5.250e+02  5.300e+02  5.350e+02  5.400e+02  5.450e+02  5.500e+02  5.550e+02  5.600e+02  5.650e+02  5.700e+02  5.750e+02  5.800e+02  5.850e+02  5.900e+02  5.950e+02  6.000e+02  6.050e+02  6.100e+02  6.150e+02  6.200e+02  6.250e+02  6.300e+02  6.350e+02  6.400e+02  6.450e+02  6.500e+02  6.550e+02  6.600e+02  6.650e+02  6.700e+02  6.750e+02  6.800e+02  6.850e+02  6.900e+02  6.950e+02  7.000e+02  7.050e+02  7.100e+02  7.150e+02  7.200e+02  7.250e+02  7.300e+02  7.350e+02  7.400e+02  7.450e+02  7.500e+02  7.550e+02  7.600e+02  7.650e+02  7.700e+02  7.750e+02  7.800e+02  7.850e+02  7.900e+02  7.950e+02  8.000e+02  8.050e+02  8.100e+02  8.150e+02  8.200e+02  8.250e+02  8.300e+02  8.350e+02  8.400e+02  8.450e+02  8.500e+02  8.550e+02  8.600e+02  8.650e+02  8.700e+02  8.750e+02  8.800e+02  8.850e+02  8.900e+02  8.950e+02  9.000e+02  9.050e+02  9.100e+02  9.150e+02  9.200e+02  9.250e+02  9.300e+02  9.350e+02  9.400e+02  9.450e+02  9.500e+02  9.550e+02  9.600e+02  9.650e+02  9.700e+02  9.750e+02  9.800e+02  9.850e+02  9.900e+02  9.950e+02  1.000e+03  1.005e+03  1.010e+03  1.015e+03  1.020e+03  1.025e+03  1.030e+03  1.035e+03  1.040e+03  1.045e+03  1.050e+03  1.055e+03  1.060e+03  1.065e+03  1.070e+03  1.075e+03  1.080e+03  1.085e+03  1.090e+03  1.095e+03  1.100e+03  1.105e+03  1.110e+03  1.115e+03  1.120e+03  1.125e+03  1.130e+03  1.135e+03  1.140e+03  1.145e+03  1.150e+03  1.155e+03  1.160e+03  1.165e+03  1.170e+03  1.175e+03  1.180e+03  1.185e+03  1.190e+03  1.195e+03  1.200e+03  

-->Sampling times for each experiment: 
		Experiment 3: 	 		Experiment 110: 	 		Experiment 95: 	 		Experiment 115: 	 		Experiment 58: 	 		Experiment 32: 	 		Experiment 37: 	 		Experiment 105: 	 		Experiment 32: 	 		Experiment 92: 	 		Experiment 116: 	 		Experiment 241: 	 0.000e+00  5.000e+00  1.000e+01  1.500e+01  2.000e+01  2.500e+01  3.000e+01  3.500e+01  4.000e+01  4.500e+01  5.000e+01  5.500e+01  6.000e+01  6.500e+01  7.000e+01  7.500e+01  8.000e+01  8.500e+01  9.000e+01  9.500e+01  1.000e+02  1.050e+02  1.100e+02  1.150e+02  1.200e+02  1.250e+02  1.300e+02  1.350e+02  1.400e+02  1.450e+02  1.500e+02  1.550e+02  1.600e+02  1.650e+02  1.700e+02  1.750e+02  1.800e+02  1.850e+02  1.900e+02  1.950e+02  2.000e+02  2.050e+02  2.100e+02  2.150e+02  2.200e+02  2.250e+02  2.300e+02  2.350e+02  2.400e+02  2.450e+02  2.500e+02  2.550e+02  2.600e+02  2.650e+02  2.700e+02  2.750e+02  2.800e+02  2.850e+02  2.900e+02  2.950e+02  3.000e+02  3.050e+02  3.100e+02  3.150e+02  3.200e+02  3.250e+02  3.300e+02  3.350e+02  3.400e+02  3.450e+02  3.500e+02  3.550e+02  3.600e+02  3.650e+02  3.700e+02  3.750e+02  3.800e+02  3.850e+02  3.900e+02  3.950e+02  4.000e+02  4.050e+02  4.100e+02  4.150e+02  4.200e+02  4.250e+02  4.300e+02  4.350e+02  4.400e+02  4.450e+02  4.500e+02  4.550e+02  4.600e+02  4.650e+02  4.700e+02  4.750e+02  4.800e+02  4.850e+02  4.900e+02  4.950e+02  5.000e+02  5.050e+02  5.100e+02  5.150e+02  5.200e+02  5.250e+02  5.300e+02  5.350e+02  5.400e+02  5.450e+02  5.500e+02  5.550e+02  5.600e+02  5.650e+02  5.700e+02  5.750e+02  5.800e+02  5.850e+02  5.900e+02  5.950e+02  6.000e+02  6.050e+02  6.100e+02  6.150e+02  6.200e+02  6.250e+02  6.300e+02  6.350e+02  6.400e+02  6.450e+02  6.500e+02  6.550e+02  6.600e+02  6.650e+02  6.700e+02  6.750e+02  6.800e+02  6.850e+02  6.900e+02  6.950e+02  7.000e+02  7.050e+02  7.100e+02  7.150e+02  7.200e+02  7.250e+02  7.300e+02  7.350e+02  7.400e+02  7.450e+02  7.500e+02  7.550e+02  7.600e+02  7.650e+02  7.700e+02  7.750e+02  7.800e+02  7.850e+02  7.900e+02  7.950e+02  8.000e+02  8.050e+02  8.100e+02  8.150e+02  8.200e+02  8.250e+02  8.300e+02  8.350e+02  8.400e+02  8.450e+02  8.500e+02  8.550e+02  8.600e+02  8.650e+02  8.700e+02  8.750e+02  8.800e+02  8.850e+02  8.900e+02  8.950e+02  9.000e+02  9.050e+02  9.100e+02  9.150e+02  9.200e+02  9.250e+02  9.300e+02  9.350e+02  9.400e+02  9.450e+02  9.500e+02  9.550e+02  9.600e+02  9.650e+02  9.700e+02  9.750e+02  9.800e+02  9.850e+02  9.900e+02  9.950e+02  1.000e+03  1.005e+03  1.010e+03  1.015e+03  1.020e+03  1.025e+03  1.030e+03  1.035e+03  1.040e+03  1.045e+03  1.050e+03  1.055e+03  1.060e+03  1.065e+03  1.070e+03  1.075e+03  1.080e+03  1.085e+03  1.090e+03  1.095e+03  1.100e+03  1.105e+03  1.110e+03  1.115e+03  1.120e+03  1.125e+03  1.130e+03  1.135e+03  1.140e+03  1.145e+03  1.150e+03  1.155e+03  1.160e+03  1.165e+03  1.170e+03  1.175e+03  1.180e+03  1.185e+03  1.190e+03  1.195e+03  1.200e+03  

-->Number of manipulable (control, stimulus, input) variables: 1


-->Input values/temporal elements for Experiment 1:
		step interpolation is being used.
			Control values:
			Input 1:	  1.1316	  1.6807	  2.0000	  0.0044	  0.8298	  0.9243	  0.4011	  2.0000	  2.0000	  0.0872	  0.0000	  1.5623	  0.0000	  1.8322	  1.9279	  0.0000	  0.9229	  2.0000	  1.4695	  0.8315	
			Control switching times: 	  0.0000	 30.0000	148.0346	217.3094	273.5862	331.8156	342.3215	393.0855	500.4837	574.3385	634.1924	679.9095	693.2536	817.8537	818.5379	888.6932	930.0000	990.8364	1053.9594	1112.0759	1200.0000


-->Input values/temporal elements for Experiment 2:
		step interpolation is being used.
			Control values:
			Input 1:	  1.9067	  1.3995	  1.8096	  1.7327	  1.4028	  1.3513	  1.1000	  1.3136	  1.1000	  1.4135	  1.2141	  1.3570	  1.3532	  1.3095	  1.6484	  1.3375	  1.2285	  1.5717	  1.6451	  1.6871	
			Control switching times: 	  0.0000	104.9054	149.9001	230.3537	267.2368	336.7724	389.3036	444.1101	493.0720	599.0100	646.9106	682.3220	754.0257	821.9192	872.5683	930.4339	996.8570	1047.6809	1134.2051	1168.0745	1200.0000


-->Input values/temporal elements for Experiment 3:
		step interpolation is being used.
			Control values:
			Input 1:	  2.0000	  0.3702	  0.4558	  2.0000	  2.0000	  2.0000	  2.0000	  2.0000	  2.0000	  2.0000	  2.0000	  2.0000	  2.0000	  2.0000	  2.0000	  1.5483	  2.0000	  2.0000	  2.0000	  2.0000	
			Control switching times: 	  0.0000	120.0000	180.0000	240.0000	300.0000	360.0000	420.0000	474.2357	540.0000	600.0000	660.0000	720.0000	780.0000	840.0000	900.0000	948.7535	960.0000	1079.4657	1096.8204	1200.0000	1200.0000


>>> OED corresponding Cramer Rao expected uncertainty for the unknowns:


>>> Global parameters: 

	alpha1 : 1.6800e-03  +-  2.1502e-04; 
	Vm1    : 7.5229e-02  +-  4.1533e-02; 
	h1     : 2.2537e+00  +-  2.6876e-01; 
	Km1    : 3.2287e+00  +-  1.2309e+00; 
	d1     : 9.9435e-03  +-  2.9487e-04; 
	alpha2 : 6.9379e+00  +-  1.5269e+02; 
	d2     : 9.8176e+00  +-  3.2969e+02; 
	Kf     : 4.0453e+00  +-  3.4788e+01; 
	Kb     : 4.0438e+00  +-  3.4772e+01; 


>>> Correlation matrix for the global unknowns:

	 1.000000e+00	 -4.865520e-02	 1.272521e-01	 -7.919072e-02	 8.213164e-01	 -2.416999e-01	 -2.233704e-01	 -2.895262e-03	 -2.895117e-03
	 -4.865520e-02	 1.000000e+00	 -9.851883e-01	 9.985803e-01	 1.488543e-01	 -7.626535e-02	 -7.056851e-02	 -1.275992e-04	 -1.276665e-04
	 1.272521e-01	 -9.851883e-01	 1.000000e+00	 -9.909492e-01	 -8.297248e-02	 5.701139e-02	 5.278974e-02	 -2.132462e-04	 -2.131800e-04
	 -7.919072e-02	 9.985803e-01	 -9.909492e-01	 1.000000e+00	 1.088303e-01	 -6.436271e-02	 -5.955372e-02	 -1.600212e-04	 -1.600902e-04
	 8.213164e-01	 1.488543e-01	 -8.297248e-02	 1.088303e-01	 1.000000e+00	 -2.993601e-01	 -2.770776e-01	 2.231243e-04	 2.232790e-04
	 -2.416999e-01	 -7.626535e-02	 5.701139e-02	 -6.436271e-02	 -2.993601e-01	 1.000000e+00	 9.969908e-01	 -6.784303e-01	 -6.784278e-01
	 -2.233704e-01	 -7.056851e-02	 5.278974e-02	 -5.955372e-02	 -2.770776e-01	 9.969908e-01	 1.000000e+00	 -7.333386e-01	 -7.333365e-01
	 -2.895262e-03	 -1.275992e-04	 -2.132462e-04	 -1.600212e-04	 2.231243e-04	 -6.784303e-01	 -7.333386e-01	 1.000000e+00	 9.999992e-01
	 -2.895117e-03	 -1.276665e-04	 -2.131800e-04	 -1.600902e-04	 2.232790e-04	 -6.784278e-01	 -7.333365e-01	 9.999992e-01	 1.000000e+00
